0,4.22531
1,4.22074
2,4.21618
3,4.21162
4,4.20706
5,4.2025
6,4.19795
7,4.19339
8,4.18884
9,4.1843
10,4.17975
11,4.17521
12,4.17067
13,4.16613
14,4.1616
15,4.15707
16,4.15254
17,4.14801
18,4.14349
19,4.13896
20,4.13444
21,4.12993
22,4.12541
23,4.1209
24,4.11639
25,4.11188
26,4.10738
27,4.10288
28,4.09838
29,4.09388
30,4.08938
31,4.08489
32,4.0804
33,4.07591
34,4.07143
35,4.06694
36,4.06246
37,4.05799
38,4.05351
39,4.04904
40,4.04457
41,4.0401
42,4.03563
43,4.03117
44,4.02671
45,4.02225
46,4.0178
47,4.01334
48,4.00889
49,4.00445
50,4
51,3.99556
52,3.99112
53,3.98668
54,3.98224
55,3.97781
56,3.97338
57,3.96895
58,3.96452
59,3.9601
60,3.95568
61,3.95126
62,3.94684
63,3.94243
64,3.93802
65,3.93361
66,3.9292
67,3.9248
68,3.9204
69,3.916
70,3.9116
71,3.90721
72,3.90282
73,3.89843
74,3.89404
75,3.88966
76,3.88528
77,3.8809
78,3.87652
79,3.87215
80,3.86778
81,3.86341
82,3.85904
83,3.85468
84,3.85032
85,3.84596
86,3.8416
87,3.83725
88,3.83289
89,3.82854
90,3.8242
91,3.81985
92,3.81551
93,3.81117
94,3.80683
95,3.8025
96,3.79817
97,3.79384
98,3.78951
99,3.78519
100,3.78086
101,3.77654
102,3.77223
103,3.76791
104,3.7636
105,3.75929
106,3.75498
107,3.75068
108,3.74638
109,3.74208
110,3.73778
111,3.73348
112,3.72919
113,3.7249
114,3.72061
115,3.71633
116,3.71204
117,3.70776
118,3.70349
119,3.69921
120,3.69494
121,3.69067
122,3.6864
123,3.68213
124,3.67787
125,3.67361
126,3.66935
127,3.6651
128,3.66084
129,3.65659
130,3.65235
131,3.6481
132,3.64386
133,3.63962
134,3.63538
135,3.63114
136,3.62691
137,3.62268
138,3.61845
139,3.61422
140,3.61
141,3.60578
142,3.60156
143,3.59734
144,3.59313
145,3.58892
146,3.58471
147,3.5805
148,3.5763
149,3.5721
150,3.5679
151,3.5637
152,3.55951
153,3.55532
154,3.55113
155,3.54694
156,3.54276
157,3.53858
158,3.5344
159,3.53022
160,3.52605
161,3.52188
162,3.51771
163,3.51354
164,3.50938
165,3.50522
166,3.50106
167,3.4969
168,3.49275
169,3.48859
170,3.48444
171,3.4803
172,3.47615
173,3.47201
174,3.46787
175,3.46373
176,3.4596
177,3.45547
178,3.45134
179,3.44721
180,3.44309
181,3.43896
182,3.43484
183,3.43073
184,3.42661
185,3.4225
186,3.41839
187,3.41428
188,3.41018
189,3.40608
190,3.40198
191,3.39788
192,3.39378
193,3.38969
194,3.3856
195,3.38151
196,3.37743
197,3.37334
198,3.36926
199,3.36519
200,3.36111
201,3.35704
202,3.35297
203,3.3489
204,3.34483
205,3.34077
206,3.33671
207,3.33265
208,3.3286
209,3.32454
210,3.32049
211,3.31645
212,3.3124
213,3.30836
214,3.30432
215,3.30028
216,3.29624
217,3.29221
218,3.28818
219,3.28415
220,3.28012
221,3.2761
222,3.27208
223,3.26806
224,3.26404
225,3.26003
226,3.25602
227,3.25201
228,3.248
229,3.244
230,3.24
231,3.236
232,3.232
233,3.22801
234,3.22402
235,3.22003
236,3.21604
237,3.21206
238,3.20808
239,3.2041
240,3.20012
241,3.19615
242,3.19218
243,3.18821
244,3.18424
245,3.18028
246,3.17632
247,3.17236
248,3.1684
249,3.16445
250,3.16049
251,3.15654
252,3.1526
253,3.14865
254,3.14471
255,3.14077
256,3.13683
257,3.1329
258,3.12897
259,3.12504
260,3.12111
261,3.11719
262,3.11326
263,3.10934
264,3.10543
265,3.10151
266,3.0976
267,3.09369
268,3.08978
269,3.08588
270,3.08198
271,3.07808
272,3.07418
273,3.07028
274,3.06639
275,3.0625
276,3.05861
277,3.05473
278,3.05084
279,3.04696
280,3.04309
281,3.03921
282,3.03534
283,3.03147
284,3.0276
285,3.02373
286,3.01987
287,3.01601
288,3.01215
289,3.0083
290,3.00444
291,3.00059
292,2.99675
293,2.9929
294,2.98906
295,2.98522
296,2.98138
297,2.97754
298,2.97371
299,2.96988
300,2.96605
301,2.96222
302,2.9584
303,2.95458
304,2.95076
305,2.94694
306,2.94313
307,2.93932
308,2.93551
309,2.9317
310,2.9279
311,2.9241
312,2.9203
313,2.9165
314,2.91271
315,2.90892
316,2.90513
317,2.90134
318,2.89756
319,2.89378
320,2.89
321,2.88622
322,2.88245
323,2.87868
324,2.87491
325,2.87114
326,2.86738
327,2.86362
328,2.85986
329,2.8561
330,2.85235
331,2.84859
332,2.84484
333,2.8411
334,2.83735
335,2.83361
336,2.82987
337,2.82613
338,2.8224
339,2.81867
340,2.81494
341,2.81121
342,2.80749
343,2.80376
344,2.80004
345,2.79633
346,2.79261
347,2.7889
348,2.78519
349,2.78148
350,2.77778
351,2.77408
352,2.77038
353,2.76668
354,2.76298
355,2.75929
356,2.7556
357,2.75191
358,2.74823
359,2.74454
360,2.74086
361,2.73719
362,2.73351
363,2.72984
364,2.72617
365,2.7225
366,2.71883
367,2.71517
368,2.71151
369,2.70785
370,2.7042
371,2.70054
372,2.69689
373,2.69325
374,2.6896
375,2.68596
376,2.68232
377,2.67868
378,2.67504
379,2.67141
380,2.66778
381,2.66415
382,2.66052
383,2.6569
384,2.65328
385,2.64966
386,2.64604
387,2.64243
388,2.63882
389,2.63521
390,2.6316
391,2.628
392,2.6244
393,2.6208
394,2.6172
395,2.61361
396,2.61002
397,2.60643
398,2.60284
399,2.59926
400,2.59568
401,2.5921
402,2.58852
403,2.58495
404,2.58138
405,2.57781
406,2.57424
407,2.57068
408,2.56712
409,2.56356
410,2.56
411,2.55645
412,2.55289
413,2.54934
414,2.5458
415,2.54225
416,2.53871
417,2.53517
418,2.53163
419,2.5281
420,2.52457
421,2.52104
422,2.51751
423,2.51399
424,2.51046
425,2.50694
426,2.50343
427,2.49991
428,2.4964
429,2.49289
430,2.48938
431,2.48588
432,2.48238
433,2.47888
434,2.47538
435,2.47188
436,2.46839
437,2.4649
438,2.46141
439,2.45793
440,2.45444
441,2.45096
442,2.44749
443,2.44401
444,2.44054
445,2.43707
446,2.4336
447,2.43013
448,2.42667
449,2.42321
450,2.41975
451,2.4163
452,2.41284
453,2.40939
454,2.40595
455,2.4025
456,2.39906
457,2.39562
458,2.39218
459,2.38874
460,2.38531
461,2.38188
462,2.37845
463,2.37502
464,2.3716
465,2.36818
466,2.36476
467,2.36134
468,2.35793
469,2.35452
470,2.35111
471,2.3477
472,2.3443
473,2.3409
474,2.3375
475,2.33411
476,2.33071
477,2.32732
478,2.32393
479,2.32054
480,2.31716
481,2.31378
482,2.3104
483,2.30702
484,2.30365
485,2.30028
486,2.29691
487,2.29354
488,2.29018
489,2.28682
490,2.28346
491,2.2801
492,2.27675
493,2.27339
494,2.27004
495,2.2667
496,2.26335
497,2.26001
498,2.25667
499,2.25333
500,2.25
501,2.24667
502,2.24334
503,2.24001
504,2.23669
505,2.23336
506,2.23004
507,2.22673
508,2.22341
509,2.2201
510,2.21679
511,2.21348
512,2.21018
513,2.20688
514,2.20358
515,2.20028
516,2.19698
517,2.19369
518,2.1904
519,2.18711
520,2.18383
521,2.18054
522,2.17726
523,2.17399
524,2.17071
525,2.16744
526,2.16417
527,2.1609
528,2.15763
529,2.15437
530,2.15111
531,2.14785
532,2.1446
533,2.14134
534,2.13809
535,2.13485
536,2.1316
537,2.12836
538,2.12512
539,2.12188
540,2.11864
541,2.11541
542,2.11218
543,2.10895
544,2.10572
545,2.1025
546,2.09928
547,2.09606
548,2.09284
549,2.08963
550,2.08642
551,2.08321
552,2.08
553,2.0768
554,2.0736
555,2.0704
556,2.0672
557,2.06401
558,2.06082
559,2.05763
560,2.05444
561,2.05126
562,2.04808
563,2.0449
564,2.04172
565,2.03855
566,2.03538
567,2.03221
568,2.02904
569,2.02588
570,2.02272
571,2.01956
572,2.0164
573,2.01325
574,2.01009
575,2.00694
576,2.0038
577,2.00065
578,1.99751
579,1.99437
580,1.99123
581,1.9881
582,1.98497
583,1.98184
584,1.97871
585,1.97559
586,1.97246
587,1.96934
588,1.96623
589,1.96311
590,1.96
591,1.95689
592,1.95378
593,1.95068
594,1.94758
595,1.94448
596,1.94138
597,1.93828
598,1.93519
599,1.9321
600,1.92901
601,1.92593
602,1.92284
603,1.91976
604,1.91669
605,1.91361
606,1.91054
607,1.90747
608,1.9044
609,1.90133
610,1.89827
611,1.89521
612,1.89215
613,1.8891
614,1.88604
615,1.88299
616,1.87995
617,1.8769
618,1.87386
619,1.87082
620,1.86778
621,1.86474
622,1.86171
623,1.85868
624,1.85565
625,1.85262
626,1.8496
627,1.84658
628,1.84356
629,1.84054
630,1.83753
631,1.83452
632,1.83151
633,1.8285
634,1.8255
635,1.8225
636,1.8195
637,1.8165
638,1.81351
639,1.81052
640,1.80753
641,1.80454
642,1.80156
643,1.79858
644,1.7956
645,1.79262
646,1.78965
647,1.78668
648,1.78371
649,1.78074
650,1.77778
651,1.77482
652,1.77186
653,1.7689
654,1.76595
655,1.76299
656,1.76004
657,1.7571
658,1.75415
659,1.75121
660,1.74827
661,1.74533
662,1.7424
663,1.73947
664,1.73654
665,1.73361
666,1.73069
667,1.72776
668,1.72484
669,1.72193
670,1.71901
671,1.7161
672,1.71319
673,1.71028
674,1.70738
675,1.70448
676,1.70158
677,1.69868
678,1.69578
679,1.69289
680,1.69
681,1.68711
682,1.68423
683,1.68134
684,1.67846
685,1.67559
686,1.67271
687,1.66984
688,1.66697
689,1.6641
690,1.66123
691,1.65837
692,1.65551
693,1.65265
694,1.6498
695,1.64694
696,1.64409
697,1.64125
698,1.6384
699,1.63556
700,1.63272
701,1.62988
702,1.62704
703,1.62421
704,1.62138
705,1.61855
706,1.61572
707,1.6129
708,1.61008
709,1.60726
710,1.60444
711,1.60163
712,1.59882
713,1.59601
714,1.5932
715,1.5904
716,1.5876
717,1.5848
718,1.582
719,1.57921
720,1.57642
721,1.57363
722,1.57084
723,1.56806
724,1.56528
725,1.5625
726,1.55972
727,1.55695
728,1.55418
729,1.55141
730,1.54864
731,1.54588
732,1.54312
733,1.54036
734,1.5376
735,1.53485
736,1.53209
737,1.52934
738,1.5266
739,1.52385
740,1.52111
741,1.51837
742,1.51563
743,1.5129
744,1.51017
745,1.50744
746,1.50471
747,1.50199
748,1.49926
749,1.49654
750,1.49383
751,1.49111
752,1.4884
753,1.48569
754,1.48298
755,1.48028
756,1.47758
757,1.47488
758,1.47218
759,1.46948
760,1.46679
761,1.4641
762,1.46141
763,1.45873
764,1.45604
765,1.45336
766,1.45069
767,1.44801
768,1.44534
769,1.44267
770,1.44
771,1.43733
772,1.43467
773,1.43201
774,1.42935
775,1.4267
776,1.42404
777,1.42139
778,1.41875
779,1.4161
780,1.41346
781,1.41082
782,1.40818
783,1.40554
784,1.40291
785,1.40028
786,1.39765
787,1.39502
788,1.3924
789,1.38978
790,1.38716
791,1.38454
792,1.38193
793,1.37932
794,1.37671
795,1.3741
796,1.3715
797,1.3689
798,1.3663
799,1.3637
800,1.36111
801,1.35852
802,1.35593
803,1.35334
804,1.35076
805,1.34818
806,1.3456
807,1.34302
808,1.34045
809,1.33788
810,1.33531
811,1.33274
812,1.33018
813,1.32762
814,1.32506
815,1.3225
816,1.31995
817,1.31739
818,1.31484
819,1.3123
820,1.30975
821,1.30721
822,1.30467
823,1.30213
824,1.2996
825,1.29707
826,1.29454
827,1.29201
828,1.28949
829,1.28696
830,1.28444
831,1.28193
832,1.27941
833,1.2769
834,1.27439
835,1.27188
836,1.26938
837,1.26688
838,1.26438
839,1.26188
840,1.25938
841,1.25689
842,1.2544
843,1.25191
844,1.24943
845,1.24694
846,1.24446
847,1.24199
848,1.23951
849,1.23704
850,1.23457
851,1.2321
852,1.22963
853,1.22717
854,1.22471
855,1.22225
856,1.2198
857,1.21734
858,1.21489
859,1.21245
860,1.21
861,1.20756
862,1.20512
863,1.20268
864,1.20024
865,1.19781
866,1.19538
867,1.19295
868,1.19052
869,1.1881
870,1.18568
871,1.18326
872,1.18084
873,1.17843
874,1.17602
875,1.17361
876,1.1712
877,1.1688
878,1.1664
879,1.164
880,1.1616
881,1.15921
882,1.15682
883,1.15443
884,1.15204
885,1.14966
886,1.14728
887,1.1449
888,1.14252
889,1.14015
890,1.13778
891,1.13541
892,1.13304
893,1.13068
894,1.12832
895,1.12596
896,1.1236
897,1.12125
898,1.11889
899,1.11654
900,1.1142
901,1.11185
902,1.10951
903,1.10717
904,1.10483
905,1.1025
906,1.10017
907,1.09784
908,1.09551
909,1.09319
910,1.09086
911,1.08854
912,1.08623
913,1.08391
914,1.0816
915,1.07929
916,1.07698
917,1.07468
918,1.07238
919,1.07008
920,1.06778
921,1.06548
922,1.06319
923,1.0609
924,1.05861
925,1.05633
926,1.05404
927,1.05176
928,1.04949
929,1.04721
930,1.04494
931,1.04267
932,1.0404
933,1.03813
934,1.03587
935,1.03361
936,1.03135
937,1.0291
938,1.02684
939,1.02459
940,1.02235
941,1.0201
942,1.01786
943,1.01562
944,1.01338
945,1.01114
946,1.00891
947,1.00668
948,1.00445
949,1.00222
950,1
951,0.997779
952,0.99556
953,0.993344
954,0.991131
955,0.98892
956,0.986711
957,0.984505
958,0.982301
959,0.9801
960,0.977901
961,0.975705
962,0.973511
963,0.97132
964,0.969131
965,0.966944
966,0.96476
967,0.962579
968,0.9604
969,0.958223
970,0.956049
971,0.953878
972,0.951709
973,0.949542
974,0.947378
975,0.945216
976,0.943057
977,0.9409
978,0.938746
979,0.936594
980,0.934444
981,0.932298
982,0.930153
983,0.928011
984,0.925872
985,0.923735
986,0.9216
987,0.919468
988,0.917338
989,0.915211
990,0.913086
991,0.910964
992,0.908844
993,0.906727
994,0.904612
995,0.9025
996,0.90039
997,0.898283
998,0.896178
999,0.894075
1000,4.22531
1001,4.22074
1002,4.21618
1003,4.21162
1004,4.20706
1005,4.2025
1006,4.19795
1007,4.19339
1008,4.18884
1009,4.1843
1010,4.17975
1011,4.17521
1012,4.17067
1013,4.16613
1014,4.1616
1015,4.15707
1016,4.15254
1017,4.14801
1018,4.14349
1019,4.13896
1020,4.13444
1021,4.12993
1022,4.12541
1023,4.1209
1024,4.11639
1025,4.11188
1026,4.10738
1027,4.10288
1028,4.09838
1029,4.09388
1030,4.08938
1031,4.08489
1032,4.0804
1033,4.07591
1034,4.07143
1035,4.06694
1036,4.06246
1037,4.05799
1038,4.05351
1039,4.04904
1040,4.04457
1041,4.0401
1042,4.03563
1043,4.03117
1044,4.02671
1045,4.02225
1046,4.0178
1047,4.01334
1048,4.00889
1049,4.00445
1050,4
1051,3.99556
1052,3.99112
1053,3.98668
1054,3.98224
1055,3.97781
1056,3.97338
1057,3.96895
1058,3.96452
1059,3.9601
1060,3.95568
1061,3.95126
1062,3.94684
1063,3.94243
1064,3.93802
1065,3.93361
1066,3.9292
1067,3.9248
1068,3.9204
1069,3.916
1070,3.9116
1071,3.90721
1072,3.90282
1073,3.89843
1074,3.89404
1075,3.88966
1076,3.88528
1077,3.8809
1078,3.87652
1079,3.87215
1080,3.86778
1081,3.86341
1082,3.85904
1083,3.85468
1084,3.85032
1085,3.84596
1086,3.8416
1087,3.83725
1088,3.83289
1089,3.82854
1090,3.8242
1091,3.81985
1092,3.81551
1093,3.81117
1094,3.80683
1095,3.8025
1096,3.79817
1097,3.79384
1098,3.78951
1099,3.78519
1100,3.78086
1101,3.77654
1102,3.77223
1103,3.76791
1104,3.7636
1105,3.75929
1106,3.75498
1107,3.75068
1108,3.74638
1109,3.74208
1110,3.73778
1111,3.73348
1112,3.72919
1113,3.7249
1114,3.72061
1115,3.71633
1116,3.71204
1117,3.70776
1118,3.70349
1119,3.69921
1120,3.69494
1121,3.69067
1122,3.6864
1123,3.68213
1124,3.67787
1125,3.67361
1126,3.66935
1127,3.6651
1128,3.66084
1129,3.65659
1130,3.65235
1131,3.6481
1132,3.64386
1133,3.63962
1134,3.63538
1135,3.63114
1136,3.62691
1137,3.62268
1138,3.61845
1139,3.61422
1140,3.61
1141,3.60578
1142,3.60156
1143,3.59734
1144,3.59313
1145,3.58892
1146,3.58471
1147,3.5805
1148,3.5763
1149,3.5721
1150,3.5679
1151,3.5637
1152,3.55951
1153,3.55532
1154,3.55113
1155,3.54694
1156,3.54276
1157,3.53858
1158,3.5344
1159,3.53022
1160,3.52605
1161,3.52188
1162,3.51771
1163,3.51354
1164,3.50938
1165,3.50522
1166,3.50106
1167,3.4969
1168,3.49275
1169,3.48859
1170,3.48444
1171,3.4803
1172,3.47615
1173,3.47201
1174,3.46787
1175,3.46373
1176,3.4596
1177,3.45547
1178,3.45134
1179,3.44721
1180,3.44309
1181,3.43896
1182,3.43484
1183,3.43073
1184,3.42661
1185,3.4225
1186,3.41839
1187,3.41428
1188,3.41018
1189,3.40608
1190,3.40198
1191,3.39788
1192,3.39378
1193,3.38969
1194,3.3856
1195,3.38151
1196,3.37743
1197,3.37334
1198,3.36926
1199,3.36519
1200,3.36111
1201,3.35704
1202,3.35297
1203,3.3489
1204,3.34483
1205,3.34077
1206,3.33671
1207,3.33265
1208,3.3286
1209,3.32454
1210,3.32049
1211,3.31645
1212,3.3124
1213,3.30836
1214,3.30432
1215,3.30028
1216,3.29624
1217,3.29221
1218,3.28818
1219,3.28415
1220,3.28012
1221,3.2761
1222,3.27208
1223,3.26806
1224,3.26404
1225,3.26003
1226,3.25602
1227,3.25201
1228,3.248
1229,3.244
1230,3.24
1231,3.236
1232,3.232
1233,3.22801
1234,3.22402
1235,3.22003
1236,3.21604
1237,3.21206
1238,3.20808
1239,3.2041
1240,3.20012
1241,3.19615
1242,3.19218
1243,3.18821
1244,3.18424
1245,3.18028
1246,3.17632
1247,3.17236
1248,3.1684
1249,3.16445
1250,3.16049
1251,3.15654
1252,3.1526
1253,3.14865
1254,3.14471
1255,3.14077
1256,3.13683
1257,3.1329
1258,3.12897
1259,3.12504
1260,3.12111
1261,3.11719
1262,3.11326
1263,3.10934
1264,3.10543
1265,3.10151
1266,3.0976
1267,3.09369
1268,3.08978
1269,3.08588
1270,3.08198
1271,3.07808
1272,3.07418
1273,3.07028
1274,3.06639
1275,3.0625
1276,3.05861
1277,3.05473
1278,3.05084
1279,3.04696
1280,3.04309
1281,3.03921
1282,3.03534
1283,3.03147
1284,3.0276
1285,3.02373
1286,3.01987
1287,3.01601
1288,3.01215
1289,3.0083
1290,3.00444
1291,3.00059
1292,2.99675
1293,2.9929
1294,2.98906
1295,2.98522
1296,2.98138
1297,2.97754
1298,2.97371
1299,2.96988
1300,2.96605
1301,2.96222
1302,2.9584
1303,2.95458
1304,2.95076
1305,2.94694
1306,2.94313
1307,2.93932
1308,2.93551
1309,2.9317
1310,2.9279
1311,2.9241
1312,2.9203
1313,2.9165
1314,2.91271
1315,2.90892
1316,2.90513
1317,2.90134
1318,2.89756
1319,2.89378
1320,2.89
1321,2.88622
1322,2.88245
1323,2.87868
1324,2.87491
1325,2.87114
1326,2.86738
1327,2.86362
1328,2.85986
1329,2.8561
1330,2.85235
1331,2.84859
1332,2.84484
1333,2.8411
1334,2.83735
1335,2.83361
1336,2.82987
1337,2.82613
1338,2.8224
1339,2.81867
1340,2.81494
1341,2.81121
1342,2.80749
1343,2.80376
1344,2.80004
1345,2.79633
1346,2.79261
1347,2.7889
1348,2.78519
1349,2.78148
1350,2.77778
1351,2.77408
1352,2.77038
1353,2.76668
1354,2.76298
1355,2.75929
1356,2.7556
1357,2.75191
1358,2.74823
1359,2.74454
1360,2.74086
1361,2.73719
1362,2.73351
1363,2.72984
1364,2.72617
1365,2.7225
1366,2.71883
1367,2.71517
1368,2.71151
1369,2.70785
1370,2.7042
1371,2.70054
1372,2.69689
1373,2.69325
1374,2.6896
1375,2.68596
1376,2.68232
1377,2.67868
1378,2.67504
1379,2.67141
1380,2.66778
1381,2.66415
1382,2.66052
1383,2.6569
1384,2.65328
1385,2.64966
1386,2.64604
1387,2.64243
1388,2.63882
1389,2.63521
1390,2.6316
1391,2.628
1392,2.6244
1393,2.6208
1394,2.6172
1395,2.61361
1396,2.61002
1397,2.60643
1398,2.60284
1399,2.59926
1400,2.59568
1401,2.5921
1402,2.58852
1403,2.58495
1404,2.58138
1405,2.57781
1406,2.57424
1407,2.57068
1408,2.56712
1409,2.56356
1410,2.56
1411,2.55645
1412,2.55289
1413,2.54934
1414,2.5458
1415,2.54225
1416,2.53871
1417,2.53517
1418,2.53163
1419,2.5281
1420,2.52457
1421,2.52104
1422,2.51751
1423,2.51399
1424,2.51046
1425,2.50694
1426,2.50343
1427,2.49991
1428,2.4964
1429,2.49289
1430,2.48938
1431,2.48588
1432,2.48238
1433,2.47888
1434,2.47538
1435,2.47188
1436,2.46839
1437,2.4649
1438,2.46141
1439,2.45793
1440,2.45444
1441,2.45096
1442,2.44749
1443,2.44401
1444,2.44054
1445,2.43707
1446,2.4336
1447,2.43013
1448,2.42667
1449,2.42321
1450,2.41975
1451,2.4163
1452,2.41284
1453,2.40939
1454,2.40595
1455,2.4025
1456,2.39906
1457,2.39562
1458,2.39218
1459,2.38874
1460,2.38531
1461,2.38188
1462,2.37845
1463,2.37502
1464,2.3716
1465,2.36818
1466,2.36476
1467,2.36134
1468,2.35793
1469,2.35452
1470,2.35111
1471,2.3477
1472,2.3443
1473,2.3409
1474,2.3375
1475,2.33411
1476,2.33071
1477,2.32732
1478,2.32393
1479,2.32054
1480,2.31716
1481,2.31378
1482,2.3104
1483,2.30702
1484,2.30365
1485,2.30028
1486,2.29691
1487,2.29354
1488,2.29018
1489,2.28682
1490,2.28346
1491,2.2801
1492,2.27675
1493,2.27339
1494,2.27004
1495,2.2667
1496,2.26335
1497,2.26001
1498,2.25667
1499,2.25333
1500,2.25
1501,2.24667
1502,2.24334
1503,2.24001
1504,2.23669
1505,2.23336
1506,2.23004
1507,2.22673
1508,2.22341
1509,2.2201
1510,2.21679
1511,2.21348
1512,2.21018
1513,2.20688
1514,2.20358
1515,2.20028
1516,2.19698
1517,2.19369
1518,2.1904
1519,2.18711
1520,2.18383
1521,2.18054
1522,2.17726
1523,2.17399
1524,2.17071
1525,2.16744
1526,2.16417
1527,2.1609
1528,2.15763
1529,2.15437
1530,2.15111
1531,2.14785
1532,2.1446
1533,2.14134
1534,2.13809
1535,2.13485
1536,2.1316
1537,2.12836
1538,2.12512
1539,2.12188
1540,2.11864
1541,2.11541
1542,2.11218
1543,2.10895
1544,2.10572
1545,2.1025
1546,2.09928
1547,2.09606
1548,2.09284
1549,2.08963
1550,2.08642
1551,2.08321
1552,2.08
1553,2.0768
1554,2.0736
1555,2.0704
1556,2.0672
1557,2.06401
1558,2.06082
1559,2.05763
1560,2.05444
1561,2.05126
1562,2.04808
1563,2.0449
1564,2.04172
1565,2.03855
1566,2.03538
1567,2.03221
1568,2.02904
1569,2.02588
1570,2.02272
1571,2.01956
1572,2.0164
1573,2.01325
1574,2.01009
1575,2.00694
1576,2.0038
1577,2.00065
1578,1.99751
1579,1.99437
1580,1.99123
1581,1.9881
1582,1.98497
1583,1.98184
1584,1.97871
1585,1.97559
1586,1.97246
1587,1.96934
1588,1.96623
1589,1.96311
1590,1.96
1591,1.95689
1592,1.95378
1593,1.95068
1594,1.94758
1595,1.94448
1596,1.94138
1597,1.93828
1598,1.93519
1599,1.9321
1600,1.92901
1601,1.92593
1602,1.92284
1603,1.91976
1604,1.91669
1605,1.91361
1606,1.91054
1607,1.90747
1608,1.9044
1609,1.90133
1610,1.89827
1611,1.89521
1612,1.89215
1613,1.8891
1614,1.88604
1615,1.88299
1616,1.87995
1617,1.8769
1618,1.87386
1619,1.87082
1620,1.86778
1621,1.86474
1622,1.86171
1623,1.85868
1624,1.85565
1625,1.85262
1626,1.8496
1627,1.84658
1628,1.84356
1629,1.84054
1630,1.83753
1631,1.83452
1632,1.83151
1633,1.8285
1634,1.8255
1635,1.8225
1636,1.8195
1637,1.8165
1638,1.81351
1639,1.81052
1640,1.80753
1641,1.80454
1642,1.80156
1643,1.79858
1644,1.7956
1645,1.79262
1646,1.78965
1647,1.78668
1648,1.78371
1649,1.78074
1650,1.77778
1651,1.77482
1652,1.77186
1653,1.7689
1654,1.76595
1655,1.76299
1656,1.76004
1657,1.7571
1658,1.75415
1659,1.75121
1660,1.74827
1661,1.74533
1662,1.7424
1663,1.73947
1664,1.73654
1665,1.73361
1666,1.73069
1667,1.72776
1668,1.72484
1669,1.72193
1670,1.71901
1671,1.7161
1672,1.71319
1673,1.71028
1674,1.70738
1675,1.70448
1676,1.70158
1677,1.69868
1678,1.69578
1679,1.69289
1680,1.69
1681,1.68711
1682,1.68423
1683,1.68134
1684,1.67846
1685,1.67559
1686,1.67271
1687,1.66984
1688,1.66697
1689,1.6641
1690,1.66123
1691,1.65837
1692,1.65551
1693,1.65265
1694,1.6498
1695,1.64694
1696,1.64409
1697,1.64125
1698,1.6384
1699,1.63556
1700,1.63272
1701,1.62988
1702,1.62704
1703,1.62421
1704,1.62138
1705,1.61855
1706,1.61572
1707,1.6129
1708,1.61008
1709,1.60726
1710,1.60444
1711,1.60163
1712,1.59882
1713,1.59601
1714,1.5932
1715,1.5904
1716,1.5876
1717,1.5848
1718,1.582
1719,1.57921
1720,1.57642
1721,1.57363
1722,1.57084
1723,1.56806
1724,1.56528
1725,1.5625
1726,1.55972
1727,1.55695
1728,1.55418
1729,1.55141
1730,1.54864
1731,1.54588
1732,1.54312
1733,1.54036
1734,1.5376
1735,1.53485
1736,1.53209
1737,1.52934
1738,1.5266
1739,1.52385
1740,1.52111
1741,1.51837
1742,1.51563
1743,1.5129
1744,1.51017
1745,1.50744
1746,1.50471
1747,1.50199
1748,1.49926
1749,1.49654
1750,1.49383
1751,1.49111
1752,1.4884
1753,1.48569
1754,1.48298
1755,1.48028
1756,1.47758
1757,1.47488
1758,1.47218
1759,1.46948
1760,1.46679
1761,1.4641
1762,1.46141
1763,1.45873
1764,1.45604
1765,1.45336
1766,1.45069
1767,1.44801
1768,1.44534
1769,1.44267
1770,1.44
1771,1.43733
1772,1.43467
1773,1.43201
1774,1.42935
1775,1.4267
1776,1.42404
1777,1.42139
1778,1.41875
1779,1.4161
1780,1.41346
1781,1.41082
1782,1.40818
1783,1.40554
1784,1.40291
1785,1.40028
1786,1.39765
1787,1.39502
1788,1.3924
1789,1.38978
1790,1.38716
1791,1.38454
1792,1.38193
1793,1.37932
1794,1.37671
1795,1.3741
1796,1.3715
1797,1.3689
1798,1.3663
1799,1.3637
1800,1.36111
1801,1.35852
1802,1.35593
1803,1.35334
1804,1.35076
1805,1.34818
1806,1.3456
1807,1.34302
1808,1.34045
1809,1.33788
1810,1.33531
1811,1.33274
1812,1.33018
1813,1.32762
1814,1.32506
1815,1.3225
1816,1.31995
1817,1.31739
1818,1.31484
1819,1.3123
1820,1.30975
1821,1.30721
1822,1.30467
1823,1.30213
1824,1.2996
1825,1.29707
1826,1.29454
1827,1.29201
1828,1.28949
1829,1.28696
1830,1.28444
1831,1.28193
1832,1.27941
1833,1.2769
1834,1.27439
1835,1.27188
1836,1.26938
1837,1.26688
1838,1.26438
1839,1.26188
1840,1.25938
1841,1.25689
1842,1.2544
1843,1.25191
1844,1.24943
1845,1.24694
1846,1.24446
1847,1.24199
1848,1.23951
1849,1.23704
1850,1.23457
1851,1.2321
1852,1.22963
1853,1.22717
1854,1.22471
1855,1.22225
1856,1.2198
1857,1.21734
1858,1.21489
1859,1.21245
1860,1.21
1861,1.20756
1862,1.20512
1863,1.20268
1864,1.20024
1865,1.19781
1866,1.19538
1867,1.19295
1868,1.19052
1869,1.1881
1870,1.18568
1871,1.18326
1872,1.18084
1873,1.17843
1874,1.17602
1875,1.17361
1876,1.1712
1877,1.1688
1878,1.1664
1879,1.164
1880,1.1616
1881,1.15921
1882,1.15682
1883,1.15443
1884,1.15204
1885,1.14966
1886,1.14728
1887,1.1449
1888,1.14252
1889,1.14015
1890,1.13778
1891,1.13541
1892,1.13304
1893,1.13068
1894,1.12832
1895,1.12596
1896,1.1236
1897,1.12125
1898,1.11889
1899,1.11654
1900,1.1142
1901,1.11185
1902,1.10951
1903,1.10717
1904,1.10483
1905,1.1025
1906,1.10017
1907,1.09784
1908,1.09551
1909,1.09319
1910,1.09086
1911,1.08854
1912,1.08623
1913,1.08391
1914,1.0816
1915,1.07929
1916,1.07698
1917,1.07468
1918,1.07238
1919,1.07008
1920,1.06778
1921,1.06548
1922,1.06319
1923,1.0609
1924,1.05861
1925,1.05633
1926,1.05404
1927,1.05176
1928,1.04949
1929,1.04721
1930,1.04494
1931,1.04267
1932,1.0404
1933,1.03813
1934,1.03587
1935,1.03361
1936,1.03135
1937,1.0291
1938,1.02684
1939,1.02459
1940,1.02235
1941,1.0201
1942,1.01786
1943,1.01562
1944,1.01338
1945,1.01114
1946,1.00891
1947,1.00668
1948,1.00445
1949,1.00222
1950,1
1951,0.997779
1952,0.99556
1953,0.993344
1954,0.991131
1955,0.98892
1956,0.986711
1957,0.984505
1958,0.982301
1959,0.9801
1960,0.977901
1961,0.975705
1962,0.973511
1963,0.97132
1964,0.969131
1965,0.966944
1966,0.96476
1967,0.962579
1968,0.9604
1969,0.958223
1970,0.956049
1971,0.953878
1972,0.951709
1973,0.949542
1974,0.947378
1975,0.945216
1976,0.943057
1977,0.9409
1978,0.938746
1979,0.936594
1980,0.934444
1981,0.932298
1982,0.930153
1983,0.928011
1984,0.925872
1985,0.923735
1986,0.9216
1987,0.919468
1988,0.917338
1989,0.915211
1990,0.913086
1991,0.910964
1992,0.908844
1993,0.906727
1994,0.904612
1995,0.9025
1996,0.90039
1997,0.898283
1998,0.896178
1999,0.894075
