1.37037
1.36963
1.36889
1.36815
1.36741
1.36667
1.36593
1.36519
1.36444
1.3637
1.36296
1.36222
1.36148
1.36074
1.36
1.35926
1.35852
1.35778
1.35704
1.3563
1.35556
1.35481
1.35407
1.35333
1.35259
1.35185
1.35111
1.35037
1.34963
1.34889
1.34815
1.34741
1.34667
1.34593
1.34519
1.34444
1.3437
1.34296
1.34222
1.34148
1.34074
1.34
1.33926
1.33852
1.33778
1.33704
1.3363
1.33556
1.33481
1.33407
1.33333
1.33259
1.33185
1.33111
1.33037
1.32963
1.32889
1.32815
1.32741
1.32667
1.32593
1.32519
1.32444
1.3237
1.32296
1.32222
1.32148
1.32074
1.32
1.31926
1.31852
1.31778
1.31704
1.3163
1.31556
1.31481
1.31407
1.31333
1.31259
1.31185
1.31111
1.31037
1.30963
1.30889
1.30815
1.30741
1.30667
1.30593
1.30519
1.30444
1.3037
1.30296
1.30222
1.30148
1.30074
1.3
1.29926
1.29852
1.29778
1.29704
1.2963
1.29556
1.29481
1.29407
1.29333
1.29259
1.29185
1.29111
1.29037
1.28963
1.28889
1.28815
1.28741
1.28667
1.28593
1.28519
1.28444
1.2837
1.28296
1.28222
1.28148
1.28074
1.28
1.27926
1.27852
1.27778
1.27704
1.2763
1.27556
1.27481
1.27407
1.27333
1.27259
1.27185
1.27111
1.27037
1.26963
1.26889
1.26815
1.26741
1.26667
1.26593
1.26519
1.26444
1.2637
1.26296
1.26222
1.26148
1.26074
1.26
1.25926
1.25852
1.25778
1.25704
1.2563
1.25556
1.25481
1.25407
1.25333
1.25259
1.25185
1.25111
1.25037
1.24963
1.24889
1.24815
1.24741
1.24667
1.24593
1.24519
1.24444
1.2437
1.24296
1.24222
1.24148
1.24074
1.24
1.23926
1.23852
1.23778
1.23704
1.2363
1.23556
1.23481
1.23407
1.23333
1.23259
1.23185
1.23111
1.23037
1.22963
1.22889
1.22815
1.22741
1.22667
1.22593
1.22519
1.22444
1.2237
1.22296
1.22222
1.22148
1.22074
1.22
1.21926
1.21852
1.21778
1.21704
1.2163
1.21556
1.21481
1.21407
1.21333
1.21259
1.21185
1.21111
1.21037
1.20963
1.20889
1.20815
1.20741
1.20667
1.20593
1.20519
1.20444
1.2037
1.20296
1.20222
1.20148
1.20074
1.2
1.19926
1.19852
1.19778
1.19704
1.1963
1.19556
1.19481
1.19407
1.19333
1.19259
1.19185
1.19111
1.19037
1.18963
1.18889
1.18815
1.18741
1.18667
1.18593
1.18519
1.18444
1.1837
1.18296
1.18222
1.18148
1.18074
1.18
1.17926
1.17852
1.17778
1.17704
1.1763
1.17556
1.17481
1.17407
1.17333
1.17259
1.17185
1.17111
1.17037
1.16963
1.16889
1.16815
1.16741
1.16667
1.16593
1.16519
1.16444
1.1637
1.16296
1.16222
1.16148
1.16074
1.16
1.15926
1.15852
1.15778
1.15704
1.1563
1.15556
1.15481
1.15407
1.15333
1.15259
1.15185
1.15111
1.15037
1.14963
1.14889
1.14815
1.14741
1.14667
1.14593
1.14519
1.14444
1.1437
1.14296
1.14222
1.14148
1.14074
1.14
1.13926
1.13852
1.13778
1.13704
1.1363
1.13556
1.13481
1.13407
1.13333
1.13259
1.13185
1.13111
1.13037
1.12963
1.12889
1.12815
1.12741
1.12667
1.12593
1.12519
1.12444
1.1237
1.12296
1.12222
1.12148
1.12074
1.12
1.11926
1.11852
1.11778
1.11704
1.1163
1.11556
1.11481
1.11407
1.11333
1.11259
1.11185
1.11111
1.11037
1.10963
1.10889
1.10815
1.10741
1.10667
1.10593
1.10519
1.10444
1.1037
1.10296
1.10222
1.10148
1.10074
1.1
1.09926
1.09852
1.09778
1.09704
1.0963
1.09556
1.09481
1.09407
1.09333
1.09259
1.09185
1.09111
1.09037
1.08963
1.08889
1.08815
1.08741
1.08667
1.08593
1.08519
1.08444
1.0837
1.08296
1.08222
1.08148
1.08074
1.08
1.07926
1.07852
1.07778
1.07704
1.0763
1.07556
1.07481
1.07407
1.07333
1.07259
1.07185
1.07111
1.07037
1.06963
1.06889
1.06815
1.06741
1.06667
1.06593
1.06519
1.06444
1.0637
1.06296
1.06222
1.06148
1.06074
1.06
1.05926
1.05852
1.05778
1.05704
1.0563
1.05556
1.05481
1.05407
1.05333
1.05259
1.05185
1.05111
1.05037
1.04963
1.04889
1.04815
1.04741
1.04667
1.04593
1.04519
1.04444
1.0437
1.04296
1.04222
1.04148
1.04074
1.04
1.03926
1.03852
1.03778
1.03704
1.0363
1.03556
1.03481
1.03407
1.03333
1.03259
1.03185
1.03111
1.03037
1.02963
1.02889
1.02815
1.02741
1.02667
1.02593
1.02519
1.02444
1.0237
1.02296
1.02222
1.02148
1.02074
1.02
1.01926
1.01852
1.01778
1.01704
1.0163
1.01556
1.01481
1.01407
1.01333
1.01259
1.01185
1.01111
1.01037
1.00963
1.00889
1.00815
1.00741
1.00667
1.00593
1.00519
1.00444
1.0037
1.00296
1.00222
1.00148
1.00074
1
0.999259
0.998519
0.997778
0.997037
0.996296
0.995556
0.994815
0.994074
0.993333
0.992593
0.991852
0.991111
0.99037
0.98963
0.988889
0.988148
0.987407
0.986667
0.985926
0.985185
0.984444
0.983704
0.982963
0.982222
0.981481
0.980741
0.98
0.979259
0.978518
0.977778
0.977037
0.976296
0.975556
0.974815
0.974074
0.973333
0.972593
0.971852
0.971111
0.97037
0.96963
0.968889
0.968148
0.967407
0.966667
0.965926
0.965185
0.964444
0.963704
0.962963
0.962222
0.961482
0.960741
0.96
0.959259
0.958519
0.957778
0.957037
0.956296
0.955556
0.954815
0.954074
0.953333
0.952593
0.951852
0.951111
0.95037
0.94963
0.948889
0.948148
0.947407
0.946667
0.945926
0.945185
0.944444
0.943704
0.942963
0.942222
0.941482
0.940741
0.94
0.939259
0.938519
0.937778
0.937037
0.936296
0.935556
0.934815
0.934074
0.933333
0.932593
0.931852
0.931111
0.93037
0.92963
0.928889
0.928148
0.927407
0.926667
0.925926
0.925185
0.924444
0.923704
0.922963
0.922222
0.921482
0.920741
0.92
0.919259
0.918519
0.917778
0.917037
0.916296
0.915556
0.914815
0.914074
0.913333
0.912593
0.911852
0.911111
0.91037
0.90963
0.908889
0.908148
0.907407
0.906667
0.905926
0.905185
0.904444
0.903704
0.902963
0.902222
0.901481
0.900741
0.9
0.899259
0.898519
0.897778
0.897037
0.896296
0.895556
0.894815
0.894074
0.893333
0.892593
0.891852
0.891111
0.89037
0.88963
0.888889
0.888148
0.887407
0.886667
0.885926
0.885185
0.884444
0.883704
0.882963
0.882222
0.881481
0.880741
0.88
0.879259
0.878519
0.877778
0.877037
0.876296
0.875556
0.874815
0.874074
0.873333
0.872593
0.871852
0.871111
0.87037
0.86963
0.868889
0.868148
0.867407
0.866667
0.865926
0.865185
0.864444
0.863704
0.862963
0.862222
0.861481
0.860741
0.86
0.859259
0.858519
0.857778
0.857037
0.856296
0.855556
0.854815
0.854074
0.853333
0.852593
0.851852
0.851111
0.85037
0.84963
0.848889
0.848148
0.847407
0.846667
0.845926
0.845185
0.844444
0.843704
0.842963
0.842222
0.841482
0.840741
0.84
0.839259
0.838519
0.837778
0.837037
0.836296
0.835556
0.834815
0.834074
0.833333
0.832593
0.831852
0.831111
0.83037
0.82963
0.828889
0.828148
0.827407
0.826667
0.825926
0.825185
0.824444
0.823704
0.822963
0.822222
0.821481
0.820741
0.82
0.819259
0.818519
0.817778
0.817037
0.816296
0.815556
0.814815
0.814074
0.813333
0.812593
0.811852
0.811111
0.81037
0.80963
0.808889
0.808148
0.807407
0.806667
0.805926
0.805185
0.804444
0.803704
0.802963
0.802222
0.801481
0.800741
0.8
0.799259
0.798518
0.797778
0.797037
0.796296
0.795556
0.794815
0.794074
0.793333
0.792593
0.791852
0.791111
0.79037
0.78963
0.788889
0.788148
0.787407
0.786667
0.785926
0.785185
0.784445
0.783704
0.782963
0.782222
0.781482
0.780741
0.78
0.779259
0.778518
0.777778
0.777037
0.776296
0.775556
0.774815
0.774074
0.773333
0.772593
0.771852
0.771111
0.77037
0.76963
0.768889
0.768148
0.767407
0.766667
0.765926
0.765185
0.764444
0.763704
0.762963
0.762222
0.761482
0.760741
0.76
0.759259
0.758519
0.757778
0.757037
0.756296
0.755556
0.754815
0.754074
0.753333
0.752593
0.751852
0.751111
0.75037
0.74963
0.748889
0.748148
0.747407
0.746667
0.745926
0.745185
0.744444
0.743704
0.742963
0.742222
0.741481
0.740741
0.74
0.739259
0.738519
0.737778
0.737037
0.736296
0.735556
0.734815
0.734074
0.733333
0.732593
0.731852
0.731111
0.73037
0.72963
0.728889
0.728148
0.727407
0.726667
0.725926
0.725185
0.724444
0.723704
0.722963
0.722222
0.721482
0.720741
0.72
0.719259
0.718518
0.717778
0.717037
0.716296
0.715555
0.714815
0.714074
0.713333
0.712593
0.711852
0.711111
0.71037
0.70963
0.708889
0.708148
0.707407
0.706667
0.705926
0.705185
0.704444
0.703704
0.702963
0.702222
0.701482
0.700741
0.7
0.699259
0.698519
0.697778
0.697037
0.696296
0.695556
0.694815
0.694074
0.693333
0.692593
0.691852
0.691111
0.69037
0.68963
0.688889
0.688148
0.687407
0.686667
0.685926
0.685185
0.684444
0.683704
0.682963
0.682222
0.681482
0.680741
0.68
0.679259
0.678519
0.677778
0.677037
0.676296
0.675556
0.674815
0.674074
0.673333
0.672593
0.671852
0.671111
0.67037
0.66963
0.668889
0.668148
0.667407
0.666667
0.665926
0.665185
0.664444
0.663704
0.662963
0.662222
0.661481
0.660741
0.66
0.659259
0.658518
0.657778
0.657037
0.656296
0.655556
0.654815
0.654074
0.653333
0.652593
0.651852
0.651111
0.65037
0.64963
0.648889
0.648148
0.647407
0.646667
0.645926
0.645185
0.644444
0.643704
0.642963
0.642222
0.641481
0.640741
0.64
0.639259
0.638519
0.637778
0.637037
0.636296
0.635556
0.634815
0.634074
0.633333
0.632593
0.631852
0.631111
0.63037
1.37037
1.36963
1.36889
1.36815
1.36741
1.36667
1.36593
1.36519
1.36444
1.3637
1.36296
1.36222
1.36148
1.36074
1.36
1.35926
1.35852
1.35778
1.35704
1.3563
1.35556
1.35481
1.35407
1.35333
1.35259
1.35185
1.35111
1.35037
1.34963
1.34889
1.34815
1.34741
1.34667
1.34593
1.34519
1.34444
1.3437
1.34296
1.34222
1.34148
1.34074
1.34
1.33926
1.33852
1.33778
1.33704
1.3363
1.33556
1.33481
1.33407
1.33333
1.33259
1.33185
1.33111
1.33037
1.32963
1.32889
1.32815
1.32741
1.32667
1.32593
1.32519
1.32444
1.3237
1.32296
1.32222
1.32148
1.32074
1.32
1.31926
1.31852
1.31778
1.31704
1.3163
1.31556
1.31481
1.31407
1.31333
1.31259
1.31185
1.31111
1.31037
1.30963
1.30889
1.30815
1.30741
1.30667
1.30593
1.30519
1.30444
1.3037
1.30296
1.30222
1.30148
1.30074
1.3
1.29926
1.29852
1.29778
1.29704
1.2963
1.29556
1.29481
1.29407
1.29333
1.29259
1.29185
1.29111
1.29037
1.28963
1.28889
1.28815
1.28741
1.28667
1.28593
1.28519
1.28444
1.2837
1.28296
1.28222
1.28148
1.28074
1.28
1.27926
1.27852
1.27778
1.27704
1.2763
1.27556
1.27481
1.27407
1.27333
1.27259
1.27185
1.27111
1.27037
1.26963
1.26889
1.26815
1.26741
1.26667
1.26593
1.26519
1.26444
1.2637
1.26296
1.26222
1.26148
1.26074
1.26
1.25926
1.25852
1.25778
1.25704
1.2563
1.25556
1.25481
1.25407
1.25333
1.25259
1.25185
1.25111
1.25037
1.24963
1.24889
1.24815
1.24741
1.24667
1.24593
1.24519
1.24444
1.2437
1.24296
1.24222
1.24148
1.24074
1.24
1.23926
1.23852
1.23778
1.23704
1.2363
1.23556
1.23481
1.23407
1.23333
1.23259
1.23185
1.23111
1.23037
1.22963
1.22889
1.22815
1.22741
1.22667
1.22593
1.22519
1.22444
1.2237
1.22296
1.22222
1.22148
1.22074
1.22
1.21926
1.21852
1.21778
1.21704
1.2163
1.21556
1.21481
1.21407
1.21333
1.21259
1.21185
1.21111
1.21037
1.20963
1.20889
1.20815
1.20741
1.20667
1.20593
1.20519
1.20444
1.2037
1.20296
1.20222
1.20148
1.20074
1.2
1.19926
1.19852
1.19778
1.19704
1.1963
1.19556
1.19481
1.19407
1.19333
1.19259
1.19185
1.19111
1.19037
1.18963
1.18889
1.18815
1.18741
1.18667
1.18593
1.18519
1.18444
1.1837
1.18296
1.18222
1.18148
1.18074
1.18
1.17926
1.17852
1.17778
1.17704
1.1763
1.17556
1.17481
1.17407
1.17333
1.17259
1.17185
1.17111
1.17037
1.16963
1.16889
1.16815
1.16741
1.16667
1.16593
1.16519
1.16444
1.1637
1.16296
1.16222
1.16148
1.16074
1.16
1.15926
1.15852
1.15778
1.15704
1.1563
1.15556
1.15481
1.15407
1.15333
1.15259
1.15185
1.15111
1.15037
1.14963
1.14889
1.14815
1.14741
1.14667
1.14593
1.14519
1.14444
1.1437
1.14296
1.14222
1.14148
1.14074
1.14
1.13926
1.13852
1.13778
1.13704
1.1363
1.13556
1.13481
1.13407
1.13333
1.13259
1.13185
1.13111
1.13037
1.12963
1.12889
1.12815
1.12741
1.12667
1.12593
1.12519
1.12444
1.1237
1.12296
1.12222
1.12148
1.12074
1.12
1.11926
1.11852
1.11778
1.11704
1.1163
1.11556
1.11481
1.11407
1.11333
1.11259
1.11185
1.11111
1.11037
1.10963
1.10889
1.10815
1.10741
1.10667
1.10593
1.10519
1.10444
1.1037
1.10296
1.10222
1.10148
1.10074
1.1
1.09926
1.09852
1.09778
1.09704
1.0963
1.09556
1.09481
1.09407
1.09333
1.09259
1.09185
1.09111
1.09037
1.08963
1.08889
1.08815
1.08741
1.08667
1.08593
1.08519
1.08444
1.0837
1.08296
1.08222
1.08148
1.08074
1.08
1.07926
1.07852
1.07778
1.07704
1.0763
1.07556
1.07481
1.07407
1.07333
1.07259
1.07185
1.07111
1.07037
1.06963
1.06889
1.06815
1.06741
1.06667
1.06593
1.06519
1.06444
1.0637
1.06296
1.06222
1.06148
1.06074
1.06
1.05926
1.05852
1.05778
1.05704
1.0563
1.05556
1.05481
1.05407
1.05333
1.05259
1.05185
1.05111
1.05037
1.04963
1.04889
1.04815
1.04741
1.04667
1.04593
1.04519
1.04444
1.0437
1.04296
1.04222
1.04148
1.04074
1.04
1.03926
1.03852
1.03778
1.03704
1.0363
1.03556
1.03481
1.03407
1.03333
1.03259
1.03185
1.03111
1.03037
1.02963
1.02889
1.02815
1.02741
1.02667
1.02593
1.02519
1.02444
1.0237
1.02296
1.02222
1.02148
1.02074
1.02
1.01926
1.01852
1.01778
1.01704
1.0163
1.01556
1.01481
1.01407
1.01333
1.01259
1.01185
1.01111
1.01037
1.00963
1.00889
1.00815
1.00741
1.00667
1.00593
1.00519
1.00444
1.0037
1.00296
1.00222
1.00148
1.00074
1
0.999259
0.998519
0.997778
0.997037
0.996296
0.995556
0.994815
0.994074
0.993333
0.992593
0.991852
0.991111
0.99037
0.98963
0.988889
0.988148
0.987407
0.986667
0.985926
0.985185
0.984444
0.983704
0.982963
0.982222
0.981481
0.980741
0.98
0.979259
0.978518
0.977778
0.977037
0.976296
0.975556
0.974815
0.974074
0.973333
0.972593
0.971852
0.971111
0.97037
0.96963
0.968889
0.968148
0.967407
0.966667
0.965926
0.965185
0.964444
0.963704
0.962963
0.962222
0.961482
0.960741
0.96
0.959259
0.958519
0.957778
0.957037
0.956296
0.955556
0.954815
0.954074
0.953333
0.952593
0.951852
0.951111
0.95037
0.94963
0.948889
0.948148
0.947407
0.946667
0.945926
0.945185
0.944444
0.943704
0.942963
0.942222
0.941482
0.940741
0.94
0.939259
0.938519
0.937778
0.937037
0.936296
0.935556
0.934815
0.934074
0.933333
0.932593
0.931852
0.931111
0.93037
0.92963
0.928889
0.928148
0.927407
0.926667
0.925926
0.925185
0.924444
0.923704
0.922963
0.922222
0.921482
0.920741
0.92
0.919259
0.918519
0.917778
0.917037
0.916296
0.915556
0.914815
0.914074
0.913333
0.912593
0.911852
0.911111
0.91037
0.90963
0.908889
0.908148
0.907407
0.906667
0.905926
0.905185
0.904444
0.903704
0.902963
0.902222
0.901481
0.900741
0.9
0.899259
0.898519
0.897778
0.897037
0.896296
0.895556
0.894815
0.894074
0.893333
0.892593
0.891852
0.891111
0.89037
0.88963
0.888889
0.888148
0.887407
0.886667
0.885926
0.885185
0.884444
0.883704
0.882963
0.882222
0.881481
0.880741
0.88
0.879259
0.878519
0.877778
0.877037
0.876296
0.875556
0.874815
0.874074
0.873333
0.872593
0.871852
0.871111
0.87037
0.86963
0.868889
0.868148
0.867407
0.866667
0.865926
0.865185
0.864444
0.863704
0.862963
0.862222
0.861481
0.860741
0.86
0.859259
0.858519
0.857778
0.857037
0.856296
0.855556
0.854815
0.854074
0.853333
0.852593
0.851852
0.851111
0.85037
0.84963
0.848889
0.848148
0.847407
0.846667
0.845926
0.845185
0.844444
0.843704
0.842963
0.842222
0.841482
0.840741
0.84
0.839259
0.838519
0.837778
0.837037
0.836296
0.835556
0.834815
0.834074
0.833333
0.832593
0.831852
0.831111
0.83037
0.82963
0.828889
0.828148
0.827407
0.826667
0.825926
0.825185
0.824444
0.823704
0.822963
0.822222
0.821481
0.820741
0.82
0.819259
0.818519
0.817778
0.817037
0.816296
0.815556
0.814815
0.814074
0.813333
0.812593
0.811852
0.811111
0.81037
0.80963
0.808889
0.808148
0.807407
0.806667
0.805926
0.805185
0.804444
0.803704
0.802963
0.802222
0.801481
0.800741
0.8
0.799259
0.798518
0.797778
0.797037
0.796296
0.795556
0.794815
0.794074
0.793333
0.792593
0.791852
0.791111
0.79037
0.78963
0.788889
0.788148
0.787407
0.786667
0.785926
0.785185
0.784445
0.783704
0.782963
0.782222
0.781482
0.780741
0.78
0.779259
0.778518
0.777778
0.777037
0.776296
0.775556
0.774815
0.774074
0.773333
0.772593
0.771852
0.771111
0.77037
0.76963
0.768889
0.768148
0.767407
0.766667
0.765926
0.765185
0.764444
0.763704
0.762963
0.762222
0.761482
0.760741
0.76
0.759259
0.758519
0.757778
0.757037
0.756296
0.755556
0.754815
0.754074
0.753333
0.752593
0.751852
0.751111
0.75037
0.74963
0.748889
0.748148
0.747407
0.746667
0.745926
0.745185
0.744444
0.743704
0.742963
0.742222
0.741481
0.740741
0.74
0.739259
0.738519
0.737778
0.737037
0.736296
0.735556
0.734815
0.734074
0.733333
0.732593
0.731852
0.731111
0.73037
0.72963
0.728889
0.728148
0.727407
0.726667
0.725926
0.725185
0.724444
0.723704
0.722963
0.722222
0.721482
0.720741
0.72
0.719259
0.718518
0.717778
0.717037
0.716296
0.715555
0.714815
0.714074
0.713333
0.712593
0.711852
0.711111
0.71037
0.70963
0.708889
0.708148
0.707407
0.706667
0.705926
0.705185
0.704444
0.703704
0.702963
0.702222
0.701482
0.700741
0.7
0.699259
0.698519
0.697778
0.697037
0.696296
0.695556
0.694815
0.694074
0.693333
0.692593
0.691852
0.691111
0.69037
0.68963
0.688889
0.688148
0.687407
0.686667
0.685926
0.685185
0.684444
0.683704
0.682963
0.682222
0.681482
0.680741
0.68
0.679259
0.678519
0.677778
0.677037
0.676296
0.675556
0.674815
0.674074
0.673333
0.672593
0.671852
0.671111
0.67037
0.66963
0.668889
0.668148
0.667407
0.666667
0.665926
0.665185
0.664444
0.663704
0.662963
0.662222
0.661481
0.660741
0.66
0.659259
0.658518
0.657778
0.657037
0.656296
0.655556
0.654815
0.654074
0.653333
0.652593
0.651852
0.651111
0.65037
0.64963
0.648889
0.648148
0.647407
0.646667
0.645926
0.645185
0.644444
0.643704
0.642963
0.642222
0.641481
0.640741
0.64
0.639259
0.638519
0.637778
0.637037
0.636296
0.635556
0.634815
0.634074
0.633333
0.632593
0.631852
0.631111
0.63037
