2.71429
2.988
2.976
2.964
2.952
2.94
2.928
2.916
2.904
2.892
2.88
2.868
2.856
2.844
2.832
2.82
2.808
2.796
2.784
2.772
2.76
2.748
2.736
2.724
2.712
2.70001
2.688
2.676
2.664
2.652
2.64
2.628
2.61601
2.604
2.592
2.58
2.56801
2.55599
2.54401
2.53199
2.52001
2.50799
2.49601
2.48401
2.47199
2.46001
2.44799
2.43601
2.42399
2.41201
2.40001
2.38799
2.37601
2.36399
2.35201
2.33999
2.32801
2.31601
2.30399
2.29201
2.27999
2.26801
2.25599
2.24401
2.23201
2.21999
2.20801
2.19599
2.18401
2.17201
2.15999
2.14799
2.13602
2.12399
2.11199
2.09999
2.08802
2.07599
2.06399
2.05202
2.03999
2.02799
2.01599
2.00402
1.99199
1.97999
1.96802
1.95599
1.94399
1.93199
1.92002
1.90799
1.89599
1.88402
1.87199
1.85999
1.84799
1.83602
1.82399
1.81199
1.80002
1.78799
1.77599
1.76399
1.75202
1.73999
1.72799
1.71602
1.70399
1.69199
1.67999
1.66802
1.65599
1.64399
1.63202
1.61999
1.60799
1.59599
1.58402
1.57199
1.55999
1.54802
1.53599
1.52399
1.51199
1.50002
1.48799
1.47599
1.46402
1.45199
1.43999
1.42799
1.41602
1.40399
1.39199
1.38002
1.36799
1.35599
1.34402
1.33199
1.31999
1.30799
1.29599
1.28399
1.27204
1.25999
1.24799
1.23599
1.22399
1.21199
1.19999
1.18804
1.17599
1.16399
1.15199
1.13999
1.12799
1.11599
1.10404
1.09199
1.07999
1.06799
1.05599
1.04399
1.03199
1.02004
1.00799
0.995994
0.983994
0.971994
0.959994
0.947994
0.936036
0.923993
0.911994
0.899994
0.887994
0.875994
0.863995
0.852036
0.839994
0.827994
0.815994
0.803994
0.791995
0.779994
0.768035
0.755995
0.743995
0.731994
0.719994
0.707994
0.695994
0.684034
0.671994
0.659994
0.647994
0.635995
0.623995
0.611994
0.600033
0.587994
0.575994
0.563995
0.551995
0.539994
0.527995
0.516033
0.503995
0.491995
0.479994
0.467994
0.455995
0.443995
0.432032
0.419994
0.407995
0.395995
0.383995
0.371994
0.359994
0.34803
0.335995
0.323995
0.311996
0.299995
0.287995
0.275995
0.26403
0.251995
0.239995
0.227995
0.215995
0.203995
0.191995
0.18003
0.167995
0.155995
0.143995
0.131995
0.119995
0.107995
0.0960286
0.0839949
0.0719957
0.0599952
0.0479954
0.0359948
0.023995
0.0120268
-4.64916e-06
-0.0120047
-0.024005
-0.0360041
-0.0480043
-0.0600045
-0.0719733
-0.0840049
-0.096004
-0.108004
-0.120004
-0.132005
-0.144004
-0.155974
-0.168004
-0.180005
-0.192005
-0.204005
-0.216004
-0.228004
-0.239975
-0.252004
-0.264004
-0.276004
-0.288004
-0.300005
-0.311976
-0.324033
-0.335975
-0.348032
-0.359975
-0.371975
-0.384032
-0.395976
-0.408032
-0.419977
-0.432031
-0.443977
-0.455977
-0.468031
-0.479976
-0.49203
-0.503977
-0.51603
-0.527978
-0.539977
-0.55203
-0.563978
-0.57603
-0.587977
-0.600029
-0.611978
-0.623978
-0.636029
-0.647978
-0.660028
-0.671979
-0.684027
-0.695978
-0.707979
-0.720028
-0.731979
-0.744028
-0.75598
-0.768027
-0.77998
-0.79198
-0.804026
-0.815979
-0.828026
-0.83998
-0.852026
-0.863981
-0.87598
-0.888026
-0.899981
-0.912026
-0.92398
-0.936025
-0.947981
-0.959981
-0.972025
-0.983982
-0.996024
-1.00798
-1.02002
-1.03198
-1.04398
-1.05602
-1.06798
-1.08002
-1.09198
-1.10402
-1.11598
-1.12798
-1.14002
-1.15198
-1.16402
-1.17598
-1.18802
-1.19998
-1.21198
-1.22402
-1.23598
-1.24802
-1.25998
-1.27202
-1.28398
-1.29598
-1.30802
-1.31998
-1.33202
-1.34398
-1.35602
-1.36798
-1.37998
-1.39202
-1.40399
-1.41602
-1.42799
-1.44002
-1.45199
-1.46399
-1.47602
-1.48799
-1.50002
-1.51199
-1.52402
-1.53599
-1.54799
-1.56002
-1.57199
-1.58402
-1.59599
-1.60802
-1.61999
-1.63199
-1.64402
-1.65599
-1.66802
-1.67999
-1.69202
-1.70399
-1.71599
-1.72802
-1.73999
-1.75202
-1.76399
-1.77601
-1.78799
-1.79999
-1.81201
-1.82399
-1.83601
-1.84799
-1.86001
-1.87199
-1.88399
-1.89601
-1.90799
-1.92001
-1.93199
-1.94401
-1.95599
-1.96799
-1.98001
-1.99199
-2.00401
-2.01599
-2.02801
-2.03999
-2.05199
-2.06401
-2.07599
-2.08801
-2.09999
-2.11201
-2.12399
-2.13599
-2.14801
-2.15999
-2.17201
-2.18399
-2.19601
-2.20799
-2.21999
-2.23201
-2.24399
-2.25601
-2.26799
-2.28001
-2.29199
-2.30399
-2.31601
-2.32799
-2.34001
-2.35199
-2.36401
-2.37599
-2.38799
-2.40001
-2.41199
-2.42401
-2.43599
-2.44801
-2.46
-2.472
-2.48401
-2.496
-2.50801
-2.52
-2.53201
-2.544
-2.556
-2.56801
-2.58
-2.592
-2.604
-2.616
-2.628
-2.64
-2.652
-2.664
-2.676
-2.688
-2.7
-2.712
-2.724
-2.736
-2.748
-2.76
-2.772
-2.784
-2.796
-2.808
-2.82
-2.832
-2.844
-2.856
-2.868
-2.88
-2.892
-2.904
-2.916
-2.928
-2.94
-2.952
-2.964
-2.976
-2.988
1
-2.988
-2.976
-2.964
-2.952
-2.94
-2.928
-2.916
-2.904
-2.892
-2.88
-2.868
-2.856
-2.844
-2.832
-2.82
-2.808
-2.796
-2.784
-2.772
-2.76
-2.748
-2.736
-2.724
-2.712
-2.7
-2.688
-2.676
-2.664
-2.652
-2.64
-2.628
-2.616
-2.604
-2.59201
-2.58
-2.568
-2.556
-2.544
-2.53201
-2.52
-2.50801
-2.496
-2.48401
-2.472
-2.45999
-2.44801
-2.43599
-2.42401
-2.41199
-2.40001
-2.388
-2.37599
-2.36401
-2.35199
-2.34001
-2.32799
-2.31601
-2.30399
-2.29199
-2.28001
-2.26799
-2.25601
-2.24399
-2.23201
-2.21999
-2.20799
-2.19601
-2.18399
-2.17201
-2.15999
-2.14801
-2.13599
-2.12399
-2.11201
-2.09999
-2.08801
-2.07599
-2.06401
-2.05199
-2.03999
-2.02801
-2.01599
-2.00401
-1.99199
-1.98001
-1.96799
-1.95599
-1.94401
-1.93199
-1.92001
-1.90799
-1.89601
-1.88399
-1.87199
-1.86001
-1.84799
-1.83601
-1.82399
-1.81201
-1.79999
-1.78799
-1.77601
-1.76399
-1.75202
-1.73999
-1.72802
-1.71599
-1.704
-1.692
-1.68
-1.66799
-1.656
-1.644
-1.632
-1.62
-1.608
-1.596
-1.58399
-1.572
-1.56
-1.548
-1.536
-1.524
-1.512
-1.49999
-1.488
-1.476
-1.464
-1.452
-1.44
-1.428
-1.41599
-1.404
-1.392
-1.38
-1.368
-1.356
-1.344
-1.33198
-1.32
-1.308
-1.296
-1.284
-1.272
-1.26
-1.24798
-1.236
-1.224
-1.212
-1.2
-1.188
-1.176
-1.16398
-1.152
-1.14
-1.128
-1.116
-1.104
-1.092
-1.07998
-1.068
-1.056
-1.044
-1.032
-1.02
-1.008
-0.995981
-0.984003
-0.972003
-0.960003
-0.948003
-0.936003
-0.924003
-0.911992
-0.900003
-0.887992
-0.876003
-0.864003
-0.851992
-0.840004
-0.828004
-0.816003
-0.803992
-0.792004
-0.780003
-0.767991
-0.756003
-0.744003
-0.732003
-0.719992
-0.708004
-0.696004
-0.683991
-0.672004
-0.660003
-0.648004
-0.635991
-0.624003
-0.612004
-0.599991
-0.588004
-0.576003
-0.564004
-0.551991
-0.540003
-0.528004
-0.515997
-0.503998
-0.492004
-0.479997
-0.468004
-0.455997
-0.443997
-0.432004
-0.419997
-0.408004
-0.395997
-0.384004
-0.371997
-0.359997
-0.348004
-0.335997
-0.324004
-0.311997
-0.3
-0.288
-0.276001
-0.264001
-0.252
-0.239996
-0.228
-0.216
-0.204
-0.192
-0.179998
-0.168001
-0.156
-0.143999
-0.132
-0.12
-0.108
-0.0959995
-0.0839995
-0.072
-0.0600008
-0.0479989
-0.0360002
-0.0240008
-0.0120004
-3.57628e-07
0.012004
0.0239997
0.0359999
0.047999
0.0599992
0.0719994
0.0840038
0.0959954
0.108004
0.119996
0.132004
0.144004
0.155996
0.168003
0.179995
0.192004
0.203995
0.216004
0.228004
0.239995
0.252004
0.263995
0.276003
0.288004
0.299995
0.311994
0.324013
0.335995
0.347995
0.359995
0.372013
0.383996
0.395995
0.408013
0.419995
0.431995
0.443995
0.456013
0.467995
0.479995
0.492013
0.503994
0.515994
0.527995
0.540014
0.551995
0.563995
0.576014
0.587995
0.599994
0.611994
0.624014
0.635994
0.647994
0.660014
0.671994
0.684015
0.695995
0.707994
0.719994
0.731994
0.743994
0.755994
0.768035
0.779994
0.791994
0.803994
0.815994
0.827993
0.839994
0.852035
0.863994
0.875994
0.887994
0.899995
0.911994
0.923994
0.936037
0.947993
0.959994
0.971994
0.983994
0.995994
1.00799
1.02004
1.03199
1.04399
1.05599
1.06799
1.07999
1.09199
1.10404
1.11599
1.12799
1.13999
1.15199
1.16399
1.17599
1.18804
1.19999
1.21199
1.22399
1.23599
1.24799
1.25999
1.27204
1.28399
1.29599
1.30799
1.31999
1.33199
1.34399
1.35604
1.36799
1.37999
1.39199
1.40399
1.41599
1.42799
1.44004
1.45199
1.46399
1.47599
1.48804
1.49994
1.51204
1.52395
1.53604
1.54794
1.56004
1.57204
1.58394
1.59604
1.60794
1.62004
1.63194
1.64404
1.65604
1.66794
1.68004
1.69194
1.70404
1.71594
1.72804
1.74004
1.75194
1.76404
1.77594
1.78804
1.79994
1.81204
1.82404
1.83594
1.84804
1.85994
1.87204
1.88394
1.89605
1.90805
1.91994
1.93204
1.94394
1.95605
1.96794
1.98005
1.99205
2.00394
2.01605
2.02794
2.04005
2.05194
2.06405
2.07605
2.08794
2.10005
2.11194
2.12405
2.13594
2.14805
2.16005
2.17194
2.18405
2.19594
2.20805
2.21994
2.23205
2.24405
2.25594
2.26805
2.27994
2.29205
2.30394
2.31605
2.32805
2.33994
2.35205
2.36393
2.37605
2.38793
2.40005
2.41205
2.42393
2.43605
2.44793
2.46005
2.47193
2.48405
2.49605
2.50793
2.52005
2.53193
2.54405
2.55593
2.56805
2.58005
2.59193
2.60405
2.61593
2.62805
2.63993
2.65205
2.66405
2.67593
2.68805
2.69993
2.71205
2.72393
2.73605
2.74805
2.75993
2.77205
2.78393
2.79605
2.80793
2.82005
2.83205
2.84393
2.85605
2.86793
2.88005
2.89193
2.90405
2.91605
2.92793
2.94005
2.95193
2.96405
2.97593
2.98805
1
2.98805
2.97593
2.96406
2.95193
2.94005
2.92793
2.91605
2.90405
2.89193
2.88005
2.86793
2.85605
2.84393
2.83205
2.82005
2.80793
2.79605
2.78393
2.77205
2.75993
2.74805
2.73605
2.72393
2.71205
2.69993
2.68805
2.67593
2.66405
2.65205
2.63993
2.62805
2.61593
2.60405
2.59193
2.58005
2.56805
2.55593
2.54405
2.53193
2.52005
2.50793
2.49605
2.48405
2.47193
2.46005
2.44793
2.43605
2.42393
2.41205
2.40005
2.38793
2.37605
2.36393
2.35205
2.33994
2.32805
2.31605
2.30394
2.29205
2.27994
2.26805
2.25594
2.24405
2.23205
2.21994
2.20805
2.19594
2.18405
2.17194
2.16005
2.14805
2.13594
2.12405
2.11194
2.10005
2.08794
2.07605
2.06405
2.05194
2.04005
2.02794
2.01605
2.00394
1.99205
1.98005
1.96794
1.95605
1.94394
1.93205
1.91994
1.90804
1.89605
1.88394
1.87204
1.85994
1.84804
1.83594
1.82404
1.81204
1.79994
1.78804
1.77594
1.76404
1.75194
1.74004
1.72804
1.71594
1.70404
1.69194
1.68004
1.66794
1.65604
1.64404
1.63194
1.62004
1.60794
1.59604
1.58394
1.57204
1.56004
1.54794
1.53604
1.52395
1.51204
1.49995
1.48804
1.47604
1.46395
1.45204
1.43995
1.42804
1.41595
1.40404
1.39204
1.37995
1.36804
1.35595
1.34404
1.33195
1.32004
1.30804
1.29595
1.28404
1.27195
1.26004
1.24795
1.23604
1.22404
1.21195
1.20004
1.18795
1.17604
1.16395
1.15204
1.14004
1.12795
1.11604
1.10395
1.09204
1.07995
1.06804
1.05604
1.04395
1.03204
1.01995
1.00804
0.995951
0.984036
0.972037
0.959952
0.948036
0.935952
0.924036
0.911952
0.900036
0.888036
0.875953
0.864036
0.851954
0.840035
0.827954
0.816035
0.804035
0.791954
0.780035
0.767954
0.756035
0.743955
0.732035
0.720034
0.707955
0.696034
0.683955
0.672034
0.659956
0.648033
0.636034
0.623957
0.612033
0.599956
0.588033
0.575956
0.564033
0.552033
0.539957
0.528033
0.515958
0.504032
0.491958
0.480031
0.468032
0.455958
0.444032
0.431958
0.420031
0.407959
0.396031
0.384031
0.371958
0.360031
0.347959
0.336031
0.32396
0.312031
0.300031
0.28796
0.27603
0.26396
0.252029
0.23996
0.22803
0.21603
0.203961
0.19203
0.179962
0.168029
0.155962
0.144028
0.132028
0.119962
0.108029
0.0959625
0.0840279
0.0719632
0.060028
0.0480281
0.0359626
0.0240274
0.0119625
2.75376e-05
-0.0120364
-0.0239731
-0.0359723
-0.0480356
-0.059973
-0.0720357
-0.0839736
-0.0960348
-0.107973
-0.119973
-0.132035
-0.143973
-0.156004
-0.168004
-0.180005
-0.192005
-0.204005
-0.216004
-0.228004
-0.239975
-0.252004
-0.264004
-0.276004
-0.288004
-0.300005
-0.312005
-0.323976
-0.336004
-0.348004
-0.360003
-0.372004
-0.384004
-0.396004
-0.407977
-0.420004
-0.432004
-0.444004
-0.456004
-0.468004
-0.480003
-0.491977
-0.504004
-0.516004
-0.528004
-0.540003
-0.552004
-0.564004
-0.575978
-0.588003
-0.600003
-0.612004
-0.624004
-0.636004
-0.648003
-0.659978
-0.672004
-0.684003
-0.696003
-0.708003
-0.720004
-0.732004
-0.74398
-0.756004
-0.768003
-0.780003
-0.792004
-0.804003
-0.816003
-0.82798
-0.840003
-0.852003
-0.864004
-0.876003
-0.888003
-0.900003
-0.911981
-0.924003
-0.936003
-0.948003
-0.960003
-0.972004
-0.984004
-0.995981
-1.008
-1.02
-1.032
-1.044
-1.056
-1.068
-1.07998
-1.092
-1.104
-1.116
-1.128
-1.14
-1.152
-1.16398
-1.176
-1.188
-1.2
-1.212
-1.224
-1.236
-1.24798
-1.26
-1.272
-1.284
-1.296
-1.308
-1.32
-1.33198
-1.344
-1.356
-1.368
-1.38
-1.392
-1.404
-1.41599
-1.428
-1.44
-1.452
-1.464
-1.476
-1.488
-1.49999
-1.512
-1.524
-1.536
-1.548
-1.56
-1.572
-1.58399
-1.596
-1.608
-1.62
-1.632
-1.644
-1.656
-1.66799
-1.68
-1.692
-1.704
-1.716
-1.728
-1.74
-1.75199
-1.764
-1.776
-1.788
-1.8
-1.812
-1.824
-1.836
-1.848
-1.86
-1.872
-1.884
-1.896
-1.908
-1.92
-1.932
-1.944
-1.956
-1.968
-1.98
-1.992
-2.004
-2.016
-2.028
-2.04
-2.052
-2.064
-2.076
-2.088
-2.1
-2.112
-2.124
-2.136
-2.148
-2.16
-2.172
-2.184
-2.196
-2.208
-2.22
-2.232
-2.244
-2.256
-2.268
-2.28
-2.292
-2.304
-2.316
-2.328
-2.34
-2.352
-2.364
-2.376
-2.388
-2.4
-2.412
-2.424
-2.436
-2.448
-2.46
-2.472
-2.484
-2.496
-2.508
-2.52
-2.532
-2.544
-2.556
-2.568
-2.58
-2.592
-2.604
-2.616
-2.628
-2.64
-2.652
-2.664
-2.676
-2.688
-2.7
-2.712
-2.724
-2.736
-2.748
-2.76
-2.772
-2.784
-2.796
-2.808
-2.82
-2.832
-2.844
-2.856
-2.868
-2.88
-2.892
-2.904
-2.916
-2.928
-2.94
-2.952
-2.964
-2.976
-2.988
1
-2.988
-2.976
-2.964
-2.952
-2.94
-2.928
-2.916
-2.904
-2.892
-2.88
-2.868
-2.856
-2.844
-2.832
-2.82
-2.808
-2.796
-2.784
-2.772
-2.76
-2.748
-2.736
-2.724
-2.712
-2.7
-2.688
-2.676
-2.664
-2.652
-2.64
-2.628
-2.616
-2.604
-2.592
-2.58
-2.568
-2.556
-2.544
-2.532
-2.52
-2.508
-2.496
-2.484
-2.472
-2.46
-2.448
-2.436
-2.424
-2.412
-2.4
-2.388
-2.376
-2.364
-2.352
-2.33999
-2.328
-2.316
-2.304
-2.292
-2.28
-2.268
-2.25599
-2.244
-2.232
-2.22
-2.208
-2.196
-2.184
-2.17199
-2.16
-2.148
-2.136
-2.124
-2.112
-2.1
-2.08799
-2.076
-2.064
-2.052
-2.04
-2.028
-2.016
-2.00399
-1.992
-1.98
-1.968
-1.956
-1.944
-1.932
-1.91999
-1.908
-1.896
-1.884
-1.872
-1.86
-1.848
-1.83599
-1.824
-1.812
-1.8
-1.788
-1.776
-1.764
-1.75199
-1.74
-1.728
-1.716
-1.704
-1.692
-1.68
-1.66799
-1.656
-1.644
-1.632
-1.61999
-1.60802
-1.59599
-1.58402
-1.57199
-1.56002
-1.54799
-1.53599
-1.52402
-1.51199
-1.50002
-1.48799
-1.47602
-1.46399
-1.45199
-1.44002
-1.42799
-1.41602
-1.40399
-1.39202
-1.37999
-1.36798
-1.35602
-1.34398
-1.33202
-1.31998
-1.30802
-1.29598
-1.28398
-1.27202
-1.25998
-1.24802
-1.23598
-1.22402
-1.21198
-1.19998
-1.18802
-1.17598
-1.16402
-1.15198
-1.14002
-1.12798
-1.11598
-1.10402
-1.09198
-1.08002
-1.06798
-1.05602
-1.04398
-1.03198
-1.02002
-1.00798
-0.996024
-0.983982
-0.972025
-0.959981
-0.947981
-0.936025
-0.923981
-0.912025
-0.899981
-0.888026
-0.87598
-0.86398
-0.852026
-0.839981
-0.828027
-0.81598
-0.804027
-0.79198
-0.77998
-0.768027
-0.755979
-0.744027
-0.731979
-0.720028
-0.707979
-0.695979
-0.684028
-0.671979
-0.660028
-0.647978
-0.636029
-0.623978
-0.611978
-0.600029
-0.587978
-0.576029
-0.563978
-0.55203
-0.539977
-0.527977
-0.51603
-0.503978
-0.492031
-0.479977
-0.468031
-0.455977
-0.443977
-0.432031
-0.419976
-0.408031
-0.395976
-0.384032
-0.371976
-0.359976
-0.348032
-0.335975
-0.324032
-0.311975
-0.300033
-0.287975
-0.275975
-0.264033
-0.251975
-0.240033
-0.227974
-0.216034
-0.203974
-0.191974
-0.180034
-0.167974
-0.156035
-0.143974
-0.132035
-0.119973
-0.107973
-0.0960348
-0.0839732
-0.0720352
-0.0599735
-0.0480362
-0.0359727
-0.0240366
-0.0119088
-3.64776e-05
0.0119639
0.0239633
0.0360929
0.0479623
0.0599624
0.0720935
0.0839629
0.0959625
0.107962
0.120096
0.131962
0.143962
0.156097
0.167961
0.179961
0.191961
0.204098
0.215961
0.227961
0.240099
0.251961
0.26396
0.27596
0.2881
0.29996
0.311959
0.324102
0.335959
0.347959
0.359959
0.372103
0.38396
0.395959
0.408104
0.419959
0.431958
0.443958
0.456105
0.467958
0.479958
0.492106
0.503957
0.515957
0.527957
0.540108
0.551957
0.563957
0.57611
0.587957
0.599956
0.611956
0.62411
0.635956
0.647956
0.660112
0.671955
0.683956
0.695955
0.708113
0.719954
0.731955
0.744114
0.755954
0.767954
0.779954
0.792116
0.803954
0.815954
0.828116
0.839953
0.851953
0.863953
0.876118
0.887953
0.899953
0.912119
0.923953
0.935953
0.947952
0.960121
0.971952
0.983952
0.996122
1.00795
1.01995
1.03195
1.04412
1.05595
1.06795
1.08012
1.09195
1.10395
1.11595
1.12813
1.13995
1.15195
1.16413
1.17595
1.18795
1.19995
1.21213
1.22395
1.23595
1.24813
1.25995
1.27195
1.28395
1.29613
1.30795
1.31995
1.33213
1.34395
1.35595
1.36795
1.38013
1.39195
1.40395
1.41613
1.42795
1.43995
1.45195
1.46414
1.47595
1.48795
1.50014
1.51195
1.52395
1.53595
1.54814
1.55994
1.57194
1.58414
1.59594
1.60794
1.61994
1.63214
1.64394
1.65594
1.66814
1.67994
1.69194
1.70394
1.71614
1.72794
1.73994
1.75214
1.76394
1.77594
1.78794
1.80015
1.81194
1.82394
1.83615
1.84794
1.85994
1.87194
1.88415
1.89594
1.90794
1.92015
1.93194
1.94394
1.95594
1.96815
1.97994
1.99194
2.00415
2.01594
2.02794
2.03994
2.05215
2.06394
2.07594
2.08815
2.09994
2.11194
2.12394
2.13616
2.14794
2.15994
2.17216
2.18394
2.19594
2.20794
2.22016
2.23194
2.24394
2.25616
2.26794
2.27994
2.29194
2.30416
2.31594
2.32794
2.34016
2.35194
2.36393
2.37593
2.38816
2.39993
2.41193
2.42417
2.43593
2.44793
2.45993
2.47217
2.48393
2.49593
2.50817
2.51993
2.53193
2.54393
2.55617
2.56793
2.57993
2.59217
2.60393
2.61593
2.62793
2.64017
2.65193
2.66393
2.67617
2.68793
2.69993
2.71193
2.72417
2.73593
2.74793
2.76018
2.77193
2.78393
2.79593
2.80818
2.81993
2.83193
2.84418
2.85593
2.86793
2.87993
2.89218
2.90393
2.91593
2.92818
2.93993
2.95193
2.96393
2.97618
2.98793
