1
1
1
1
1
1
1
1
1
1
1
1
1
1
1
1
1
1
1
1
1
1
1
1
1
1
1
1
1
1
1
1
1
1
1
1
1
1
1
1
1
1
1
1
1
1
1
1
1
1
1
1
1
1
1
1
1
1
1
1
1
1
1
1
1
1
1
1
1
1
1
1
1
1
1
1
1
1
1
1
1
1
1
1
1
1
1
1
1
1
1
1
1
1
1
1
1
1
1
1
1
1
1
1
1
1
1
1
1
1
1
1
1
1
1
1
1
1
1
1
1
1
1
1
1
1
1
1
1
1
1
1
1
1
1
1
1
1
1
1
1
1
1
1
1
1
1
1
1
1
1
1
1
1
1
1
1
1
1
1
1
1
1
1
1
1
1
0.995994
0.983994
0.971994
0.959994
0.947994
0.936036
0.923993
0.911994
0.899994
0.887994
0.875994
0.863995
0.852036
0.839994
0.827994
0.815994
0.803994
0.791995
0.779994
0.768035
0.755995
0.743995
0.731994
0.719994
0.707994
0.695994
0.684034
0.671994
0.659994
0.647994
0.635995
0.623995
0.611994
0.600033
0.587994
0.575994
0.563995
0.551995
0.539994
0.527995
0.516033
0.503995
0.491995
0.479994
0.467994
0.455995
0.443995
0.432032
0.419994
0.407995
0.395995
0.383995
0.371994
0.359994
0.34803
0.335995
0.323995
0.311996
0.299995
0.287995
0.275995
0.26403
0.251995
0.239995
0.227995
0.215995
0.203995
0.191995
0.18003
0.167995
0.155995
0.143995
0.131995
0.119995
0.107995
0.0960286
0.0839949
0.0719957
0.0599952
0.0479954
0.0359948
0.023995
0.0120268
-4.64916e-06
-0.0120047
-0.024005
-0.0360041
-0.0480043
-0.0600045
-0.0719733
-0.0840049
-0.096004
-0.108004
-0.120004
-0.132005
-0.144004
-0.155974
-0.168004
-0.180005
-0.192005
-0.204005
-0.216004
-0.228004
-0.239975
-0.252004
-0.264004
-0.276004
-0.288004
-0.300005
-0.311976
-0.324033
-0.335975
-0.348032
-0.359975
-0.371975
-0.384032
-0.395976
-0.408032
-0.419977
-0.432031
-0.443977
-0.455977
-0.468031
-0.479976
-0.49203
-0.503977
-0.51603
-0.527978
-0.539977
-0.55203
-0.563978
-0.57603
-0.587977
-0.600029
-0.611978
-0.623978
-0.636029
-0.647978
-0.660028
-0.671979
-0.684027
-0.695978
-0.707979
-0.720028
-0.731979
-0.744028
-0.75598
-0.768027
-0.77998
-0.79198
-0.804026
-0.815979
-0.828026
-0.83998
-0.852026
-0.863981
-0.87598
-0.888026
-0.899981
-0.912026
-0.92398
-0.936025
-0.947981
-0.959981
-0.972025
-0.983982
-0.996024
-1
-1
-1
-1
-1
-1
-1
-1
-1
-1
-1
-1
-1
-1
-1
-1
-1
-1
-1
-1
-1
-1
-1
-1
-1
-1
-1
-1
-1
-1
-1
-1
-1
-1
-1
-1
-1
-1
-1
-1
-1
-1
-1
-1
-1
-1
-1
-1
-1
-1
-1
-1
-1
-1
-1
-1
-1
-1
-1
-1
-1
-1
-1
-1
-1
-1
-1
-1
-1
-1
-1
-1
-1
-1
-1
-1
-1
-1
-1
-1
-1
-1
-1
-1
-1
-1
-1
-1
-1
-1
-1
-1
-1
-1
-1
-1
-1
-1
-1
-1
-1
-1
-1
-1
-1
-1
-1
-1
-1
-1
-1
-1
-1
-1
-1
-1
-1
-1
-1
-1
-1
-1
-1
-1
-1
-1
-1
-1
-1
-1
-1
-1
-1
-1
-1
-1
-1
-1
-1
-1
-1
-1
-1
-1
-1
-1
-1
-1
-1
-1
-1
-1
-1
-1
-1
-1
-1
-1
-1
-1
-1
-1
-1
-1
-1
-1
1
-1
-1
-1
-1
-1
-1
-1
-1
-1
-1
-1
-1
-1
-1
-1
-1
-1
-1
-1
-1
-1
-1
-1
-1
-1
-1
-1
-1
-1
-1
-1
-1
-1
-1
-1
-1
-1
-1
-1
-1
-1
-1
-1
-1
-1
-1
-1
-1
-1
-1
-1
-1
-1
-1
-1
-1
-1
-1
-1
-1
-1
-1
-1
-1
-1
-1
-1
-1
-1
-1
-1
-1
-1
-1
-1
-1
-1
-1
-1
-1
-1
-1
-1
-1
-1
-1
-1
-1
-1
-1
-1
-1
-1
-1
-1
-1
-1
-1
-1
-1
-1
-1
-1
-1
-1
-1
-1
-1
-1
-1
-1
-1
-1
-1
-1
-1
-1
-1
-1
-1
-1
-1
-1
-1
-1
-1
-1
-1
-1
-1
-1
-1
-1
-1
-1
-1
-1
-1
-1
-1
-1
-1
-1
-1
-1
-1
-1
-1
-1
-1
-1
-1
-1
-1
-1
-1
-1
-1
-1
-1
-1
-1
-1
-1
-1
-1
-0.995981
-0.984003
-0.972003
-0.960003
-0.948003
-0.936003
-0.924003
-0.911992
-0.900003
-0.887992
-0.876003
-0.864003
-0.851992
-0.840004
-0.828004
-0.816003
-0.803992
-0.792004
-0.780003
-0.767991
-0.756003
-0.744003
-0.732003
-0.719992
-0.708004
-0.696004
-0.683991
-0.672004
-0.660003
-0.648004
-0.635991
-0.624003
-0.612004
-0.599991
-0.588004
-0.576003
-0.564004
-0.551991
-0.540003
-0.528004
-0.515997
-0.503998
-0.492004
-0.479997
-0.468004
-0.455997
-0.443997
-0.432004
-0.419997
-0.408004
-0.395997
-0.384004
-0.371997
-0.359997
-0.348004
-0.335997
-0.324004
-0.311997
-0.3
-0.288
-0.276001
-0.264001
-0.252
-0.239996
-0.228
-0.216
-0.204
-0.192
-0.179998
-0.168001
-0.156
-0.143999
-0.132
-0.12
-0.108
-0.0959995
-0.0839995
-0.072
-0.0600008
-0.0479989
-0.0360002
-0.0240008
-0.0120004
-3.57628e-07
0.012004
0.0239997
0.0359999
0.047999
0.0599992
0.0719994
0.0840038
0.0959954
0.108004
0.119996
0.132004
0.144004
0.155996
0.168003
0.179995
0.192004
0.203995
0.216004
0.228004
0.239995
0.252004
0.263995
0.276003
0.288004
0.299995
0.311994
0.324013
0.335995
0.347995
0.359995
0.372013
0.383996
0.395995
0.408013
0.419995
0.431995
0.443995
0.456013
0.467995
0.479995
0.492013
0.503994
0.515994
0.527995
0.540014
0.551995
0.563995
0.576014
0.587995
0.599994
0.611994
0.624014
0.635994
0.647994
0.660014
0.671994
0.684015
0.695995
0.707994
0.719994
0.731994
0.743994
0.755994
0.768035
0.779994
0.791994
0.803994
0.815994
0.827993
0.839994
0.852035
0.863994
0.875994
0.887994
0.899995
0.911994
0.923994
0.936037
0.947993
0.959994
0.971994
0.983994
0.995994
1
1
1
1
1
1
1
1
1
1
1
1
1
1
1
1
1
1
1
1
1
1
1
1
1
1
1
1
1
1
1
1
1
1
1
1
1
1
1
1
1
1
1
1
1
1
1
1
1
1
1
1
1
1
1
1
1
1
1
1
1
1
1
1
1
1
1
1
1
1
1
1
1
1
1
1
1
1
1
1
1
1
1
1
1
1
1
1
1
1
1
1
1
1
1
1
1
1
1
1
1
1
1
1
1
1
1
1
1
1
1
1
1
1
1
1
1
1
1
1
1
1
1
1
1
1
1
1
1
1
1
1
1
1
1
1
1
1
1
1
1
1
1
1
1
1
1
1
1
1
1
1
1
1
1
1
1
1
1
1
1
1
1
1
1
1
1
1
1
1
1
1
1
1
1
1
1
1
1
1
1
1
1
1
1
1
1
1
1
1
1
1
1
1
1
1
1
1
1
1
1
1
1
1
1
1
1
1
1
1
1
1
1
1
1
1
1
1
1
1
1
1
1
1
1
1
1
1
1
1
1
1
1
1
1
1
1
1
1
1
1
1
1
1
1
1
1
1
1
1
1
1
1
1
1
1
1
1
1
1
1
1
1
1
1
1
1
1
1
1
1
1
1
1
1
1
1
1
1
1
1
1
1
1
1
1
1
1
1
1
1
1
1
1
1
1
1
1
1
1
1
1
1
1
1
1
1
1
1
1
1
1
1
1
1
1
1
1
1
1
1
1
1
1
1
1
1
1
1
1
1
1
1
0.995951
0.984036
0.972037
0.959952
0.948036
0.935952
0.924036
0.911952
0.900036
0.888036
0.875953
0.864036
0.851954
0.840035
0.827954
0.816035
0.804035
0.791954
0.780035
0.767954
0.756035
0.743955
0.732035
0.720034
0.707955
0.696034
0.683955
0.672034
0.659956
0.648033
0.636034
0.623957
0.612033
0.599956
0.588033
0.575956
0.564033
0.552033
0.539957
0.528033
0.515958
0.504032
0.491958
0.480031
0.468032
0.455958
0.444032
0.431958
0.420031
0.407959
0.396031
0.384031
0.371958
0.360031
0.347959
0.336031
0.32396
0.312031
0.300031
0.28796
0.27603
0.26396
0.252029
0.23996
0.22803
0.21603
0.203961
0.19203
0.179962
0.168029
0.155962
0.144028
0.132028
0.119962
0.108029
0.0959625
0.0840279
0.0719632
0.060028
0.0480281
0.0359626
0.0240274
0.0119625
2.75376e-05
-0.0120364
-0.0239731
-0.0359723
-0.0480356
-0.059973
-0.0720357
-0.0839736
-0.0960348
-0.107973
-0.119973
-0.132035
-0.143973
-0.156004
-0.168004
-0.180005
-0.192005
-0.204005
-0.216004
-0.228004
-0.239975
-0.252004
-0.264004
-0.276004
-0.288004
-0.300005
-0.312005
-0.323976
-0.336004
-0.348004
-0.360003
-0.372004
-0.384004
-0.396004
-0.407977
-0.420004
-0.432004
-0.444004
-0.456004
-0.468004
-0.480003
-0.491977
-0.504004
-0.516004
-0.528004
-0.540003
-0.552004
-0.564004
-0.575978
-0.588003
-0.600003
-0.612004
-0.624004
-0.636004
-0.648003
-0.659978
-0.672004
-0.684003
-0.696003
-0.708003
-0.720004
-0.732004
-0.74398
-0.756004
-0.768003
-0.780003
-0.792004
-0.804003
-0.816003
-0.82798
-0.840003
-0.852003
-0.864004
-0.876003
-0.888003
-0.900003
-0.911981
-0.924003
-0.936003
-0.948003
-0.960003
-0.972004
-0.984004
-0.995981
-1
-1
-1
-1
-1
-1
-1
-1
-1
-1
-1
-1
-1
-1
-1
-1
-1
-1
-1
-1
-1
-1
-1
-1
-1
-1
-1
-1
-1
-1
-1
-1
-1
-1
-1
-1
-1
-1
-1
-1
-1
-1
-1
-1
-1
-1
-1
-1
-1
-1
-1
-1
-1
-1
-1
-1
-1
-1
-1
-1
-1
-1
-1
-1
-1
-1
-1
-1
-1
-1
-1
-1
-1
-1
-1
-1
-1
-1
-1
-1
-1
-1
-1
-1
-1
-1
-1
-1
-1
-1
-1
-1
-1
-1
-1
-1
-1
-1
-1
-1
-1
-1
-1
-1
-1
-1
-1
-1
-1
-1
-1
-1
-1
-1
-1
-1
-1
-1
-1
-1
-1
-1
-1
-1
-1
-1
-1
-1
-1
-1
-1
-1
-1
-1
-1
-1
-1
-1
-1
-1
-1
-1
-1
-1
-1
-1
-1
-1
-1
-1
-1
-1
-1
-1
-1
-1
-1
-1
-1
-1
-1
-1
-1
-1
-1
-1
1
-1
-1
-1
-1
-1
-1
-1
-1
-1
-1
-1
-1
-1
-1
-1
-1
-1
-1
-1
-1
-1
-1
-1
-1
-1
-1
-1
-1
-1
-1
-1
-1
-1
-1
-1
-1
-1
-1
-1
-1
-1
-1
-1
-1
-1
-1
-1
-1
-1
-1
-1
-1
-1
-1
-1
-1
-1
-1
-1
-1
-1
-1
-1
-1
-1
-1
-1
-1
-1
-1
-1
-1
-1
-1
-1
-1
-1
-1
-1
-1
-1
-1
-1
-1
-1
-1
-1
-1
-1
-1
-1
-1
-1
-1
-1
-1
-1
-1
-1
-1
-1
-1
-1
-1
-1
-1
-1
-1
-1
-1
-1
-1
-1
-1
-1
-1
-1
-1
-1
-1
-1
-1
-1
-1
-1
-1
-1
-1
-1
-1
-1
-1
-1
-1
-1
-1
-1
-1
-1
-1
-1
-1
-1
-1
-1
-1
-1
-1
-1
-1
-1
-1
-1
-1
-1
-1
-1
-1
-1
-1
-1
-1
-1
-1
-1
-1
-0.996024
-0.983982
-0.972025
-0.959981
-0.947981
-0.936025
-0.923981
-0.912025
-0.899981
-0.888026
-0.87598
-0.86398
-0.852026
-0.839981
-0.828027
-0.81598
-0.804027
-0.79198
-0.77998
-0.768027
-0.755979
-0.744027
-0.731979
-0.720028
-0.707979
-0.695979
-0.684028
-0.671979
-0.660028
-0.647978
-0.636029
-0.623978
-0.611978
-0.600029
-0.587978
-0.576029
-0.563978
-0.55203
-0.539977
-0.527977
-0.51603
-0.503978
-0.492031
-0.479977
-0.468031
-0.455977
-0.443977
-0.432031
-0.419976
-0.408031
-0.395976
-0.384032
-0.371976
-0.359976
-0.348032
-0.335975
-0.324032
-0.311975
-0.300033
-0.287975
-0.275975
-0.264033
-0.251975
-0.240033
-0.227974
-0.216034
-0.203974
-0.191974
-0.180034
-0.167974
-0.156035
-0.143974
-0.132035
-0.119973
-0.107973
-0.0960348
-0.0839732
-0.0720352
-0.0599735
-0.0480362
-0.0359727
-0.0240366
-0.0119088
-3.64776e-05
0.0119639
0.0239633
0.0360929
0.0479623
0.0599624
0.0720935
0.0839629
0.0959625
0.107962
0.120096
0.131962
0.143962
0.156097
0.167961
0.179961
0.191961
0.204098
0.215961
0.227961
0.240099
0.251961
0.26396
0.27596
0.2881
0.29996
0.311959
0.324102
0.335959
0.347959
0.359959
0.372103
0.38396
0.395959
0.408104
0.419959
0.431958
0.443958
0.456105
0.467958
0.479958
0.492106
0.503957
0.515957
0.527957
0.540108
0.551957
0.563957
0.57611
0.587957
0.599956
0.611956
0.62411
0.635956
0.647956
0.660112
0.671955
0.683956
0.695955
0.708113
0.719954
0.731955
0.744114
0.755954
0.767954
0.779954
0.792116
0.803954
0.815954
0.828116
0.839953
0.851953
0.863953
0.876118
0.887953
0.899953
0.912119
0.923953
0.935953
0.947952
0.960121
0.971952
0.983952
0.996122
1
1
1
1
1
1
1
1
1
1
1
1
1
1
1
1
1
1
1
1
1
1
1
1
1
1
1
1
1
1
1
1
1
1
1
1
1
1
1
1
1
1
1
1
1
1
1
1
1
1
1
1
1
1
1
1
1
1
1
1
1
1
1
1
1
1
1
1
1
1
1
1
1
1
1
1
1
1
1
1
1
1
1
1
1
1
1
1
1
1
1
1
1
1
1
1
1
1
1
1
1
1
1
1
1
1
1
1
1
1
1
1
1
1
1
1
1
1
1
1
1
1
1
1
1
1
1
1
1
1
1
1
1
1
1
1
1
1
1
1
1
1
1
1
1
1
1
1
1
1
1
1
1
1
1
1
1
1
1
1
1
1
1
1
1
1
